[[0], [0, 0, 72, 159, 215, 253], [0, 0, 85, 159, 204, 311, 389, 457, 545, 594], [0, 0, 68, 138, 225, 308, 383, 413, 481, 567], [0, 20, 94, 135, 199, 265, 297, 350, 440]]
[[0], [0, 72, 87, 56, 38, 47], [0, 65, 74, 45, 87, 78, 68, 88, 49, 30], [0, 48, 70, 87, 83, 75, 30, 68, 86, 43], [0, 74, 41, 64, 66, 32, 53, 90, 35]]
60
8
272.90999999999997
[(2, 2)]
[[0], [0, 20, 85, 158, 192], [0, 20, 90, 142, 208, 240, 299, 366, 443], [0, 0, 78, 108, 153, 220, 269, 318], [0, 20, 57, 101]]
[[0], [0, 65, 73, 34, 76], [0, 70, 52, 46, 32, 59, 67, 57, 47], [0, 78, 30, 45, 67, 49, 49, 48], [0, 37, 44, 65]]
60
8
173.22
[]
[[0], [0, 0, 36, 116, 180, 236], [0, 20, 103, 200, 243, 351, 422, 512, 570], [0, 0, 72, 117, 177, 258, 325, 416, 505, 597, 666], [0, 0, 80, 163, 196, 244, 294, 371, 403]]
[[0], [0, 36, 80, 64, 56, 35], [0, 83, 77, 43, 88, 71, 90, 58, 65], [0, 72, 45, 60, 81, 67, 71, 89, 72, 69, 73], [0, 80, 63, 33, 48, 50, 57, 32, 61]]
60
8
279.79999999999995
[(3, 7)]
[[0], [0, 20, 58, 121, 173], [0, 0, 35, 70, 133, 223, 258], [0, 0, 50, 149, 233, 264, 347, 428, 461, 531], [0, 20, 75, 164, 247, 334, 420, 483, 556]]
[[0], [0, 38, 63, 52, 42], [0, 35, 35, 43, 90, 35, 60], [0, 50, 79, 84, 31, 83, 81, 33, 50, 48], [0, 55, 89, 83, 87, 66, 63, 73, 52]]
60
8
259.65999999999997
[(1, 3)]
[[0], [0, 0, 59], [0, 0, 68, 148, 226, 304, 369, 455, 489, 569], [0, 0, 37, 115], [0, 0, 35, 103, 164, 262, 328, 409, 441]]
[[0], [0, 59, 80], [0, 68, 80, 78, 58, 65, 86, 34, 80, 39], [0, 37, 58, 76], [0, 35, 68, 61, 78, 66, 61, 32, 86]]
60
8
152.71000000000004
[(1, 2), (2, 9), (3, 3)]
[[0], [0, 20, 78, 146, 231, 285], [0, 0, 98, 136, 174, 264], [0, 0, 61, 93, 149, 179, 218, 304], [0, 0, 31]]
[[0], [0, 58, 68, 85, 34, 42], [0, 78, 38, 38, 90, 63], [0, 41, 32, 56, 30, 39, 66, 63], [0, 31, 61]]
60
8
156.58
[(4, 2)]
[[0], [0, 0, 92, 168, 256, 318], [0, 20, 95, 141, 175, 230, 267, 356, 395, 445, 503], [0, 20, 109, 188, 283], [0, 0, 67]]
[[0], [0, 72, 76, 88, 42, 81], [0, 75, 46, 34, 55, 37, 69, 39, 50, 58, 60], [0, 89, 79, 75, 64], [0, 47, 42]]
60
8
211.12999999999997
[]
[[0], [0, 0, 80, 142, 229], [0, 0, 57, 140, 183, 273, 334, 415, 499, 536, 591], [0, 0, 81, 145, 179, 266, 315, 393, 453, 535], [0, 0, 84, 145]]
[[0], [0, 80, 42, 87, 76], [0, 57, 83, 43, 90, 41, 81, 84, 37, 55, 76], [0, 61, 64, 34, 87, 49, 78, 60, 82, 33], [0, 84, 61, 32]]
60
8
219.19
[(4, 3)]
[[0], [0, 20, 122], [0, 20, 90, 133, 205, 236, 330, 415, 518], [0, 0, 50, 114, 212, 270, 339, 424, 514, 553, 661], [0, 0, 57, 117, 227, 270, 322, 408]]
[[0], [0, 82, 31], [0, 70, 43, 72, 31, 74, 85, 83, 71], [0, 50, 44, 78, 38, 69, 65, 90, 39, 88, 36], [0, 57, 60, 90, 43, 32, 66, 47]]
60
8
193.20000000000002
[(1, 1), (3, 3), (4, 7)]
[[0], [0, 0, 57, 118, 196, 267], [0, 20, 111, 144, 225, 305, 336], [0, 0, 35, 143, 195, 261, 337, 421], [0, 0, 57, 121, 203, 285, 351, 390, 445]]
[[0], [0, 57, 61, 78, 51, 78], [0, 71, 33, 61, 80, 31, 53], [0, 35, 88, 52, 66, 56, 64, 36], [0, 57, 64, 62, 62, 66, 39, 55, 71]]
60
8
211.25
[(3, 3)]
[[0], [0, 20, 107, 215, 262, 324, 402], [0, 0, 60, 114, 157], [0, 20, 81, 129, 214], [0, 0, 55, 110, 209]]
[[0], [0, 67, 88, 47, 42, 78, 72], [0, 60, 34, 43, 56], [0, 61, 48, 85, 76], [0, 35, 55, 79, 64]]
60
8
143.41
[(1, 1), (2, 4), (3, 4)]
[[0], [0, 20, 86, 146, 197, 253, 330, 408, 441], [0, 20, 67, 100, 185, 293], [0, 0, 97, 148, 216, 301, 367, 442, 495], [0, 0, 88, 125, 173, 204, 268, 356]]
[[0], [0, 46, 60, 51, 56, 77, 58, 33, 89], [0, 47, 33, 85, 88, 86], [0, 77, 51, 68, 65, 66, 75, 53, 43], [0, 88, 37, 48, 31, 64, 68, 49]]
60
8
230.79999999999995
[(1, 1), (2, 4)]
[[0], [0, 20, 75, 156, 219], [0, 0, 43, 106, 160, 249], [0, 0, 77, 141, 185, 246, 292, 358, 403], [0, 0, 44, 108, 217, 273, 338, 411]]
[[0], [0, 55, 61, 43, 66], [0, 43, 43, 54, 89, 70], [0, 77, 44, 44, 61, 46, 66, 45, 63], [0, 44, 64, 89, 56, 65, 73, 76]]
60
8
177.67
[(1, 3)]
[[0], [0, 0, 57, 134, 219, 292], [0, 0, 88, 160, 198, 268, 366, 422, 467], [0, 20, 53, 120, 204], [0, 0, 58, 117, 147, 192, 236, 316]]
[[0], [0, 57, 77, 85, 53, 52], [0, 68, 52, 38, 70, 78, 36, 45, 41], [0, 33, 67, 64, 75], [0, 58, 59, 30, 45, 44, 60, 34]]
60
8
167.63000000000002
[(2, 2)]
[[0], [0, 20, 100, 174, 243, 316, 387, 467, 554], [0, 0, 45, 121, 159], [0, 0, 87, 158, 225, 309, 389, 442, 511, 548, 603], [0, 0, 110, 158, 221, 281, 351]]
[[0], [0, 80, 54, 69, 73, 71, 60, 87, 64], [0, 45, 76, 38, 34], [0, 87, 51, 67, 64, 60, 33, 49, 37, 55, 77], [0, 90, 48, 63, 60, 70, 54]]
60
8
251.85000000000002
[(3, 3)]
[[0], [0, 0, 64], [0, 0, 60, 165], [0, 20, 60, 149, 205, 281, 338, 384, 443, 492, 571], [0, 20, 55, 93, 145, 210, 288, 352, 417, 519]]
[[0], [0, 64, 40], [0, 40, 85, 38], [0, 40, 89, 36, 76, 37, 46, 59, 49, 79, 48], [0, 35, 38, 32, 65, 78, 64, 65, 82, 39]]
60
8
232.17000000000002
[(3, 1)]
[[0], [0, 20, 89, 171, 240, 294, 380], [0, 0, 84, 143, 200, 275, 342, 422, 460, 539], [0, 20, 103, 164, 242, 322, 430, 502], [0, 0, 30, 88, 127]]
[[0], [0, 69, 82, 69, 54, 66, 30], [0, 84, 59, 57, 55, 47, 80, 38, 59, 44], [0, 83, 41, 78, 80, 88, 52, 52], [0, 30, 38, 39, 39]]
60
8
205.22000000000003
[(1, 6), (2, 5)]
[[0], [0, 0, 59, 103, 141, 189, 273, 332, 397], [0, 0, 34, 117, 171, 240], [0, 0, 79, 150, 182, 268, 351, 426, 496], [0, 0, 85, 158, 249, 337, 414, 489, 596, 641]]
[[0], [0, 59, 44, 38, 48, 84, 39, 65, 31], [0, 34, 83, 54, 69, 66], [0, 59, 71, 32, 86, 63, 75, 50, 31], [0, 85, 53, 71, 88, 77, 75, 87, 45, 49]]
60
8
204.85000000000002
[(3, 8), (4, 3)]
[[0], [0, 0, 66, 96, 183, 226, 306], [0, 0, 77, 138, 210, 292, 329, 395], [0, 0, 49, 104, 160, 217, 256, 333, 403, 443, 500], [0, 0, 84]]
[[0], [0, 66, 30, 87, 43, 80, 58], [0, 77, 61, 72, 62, 37, 66, 51], [0, 49, 55, 56, 57, 39, 57, 70, 40, 57, 43], [0, 84, 78]]
60
8
254.01000000000002
[]
[[0], [0, 0, 32, 77, 155, 242, 309, 366, 400], [0, 0, 85, 155, 224], [0, 0, 106, 191, 244, 326, 393, 470], [0, 0, 57, 105, 139, 214, 267, 330, 403, 484]]
[[0], [0, 32, 45, 58, 87, 67, 57, 34, 46], [0, 85, 50, 69, 32], [0, 86, 65, 53, 82, 47, 57, 77], [0, 57, 48, 34, 75, 33, 63, 73, 81, 81]]
60
8
220.83999999999995
[]
[[0], [0, 0, 83, 171, 215, 280, 333, 371, 427, 483], [0, 0, 34, 117, 172, 252, 293, 370], [0, 0, 39, 94, 149, 207, 260, 325, 365], [0, 0, 33, 120, 194, 259, 316, 378]]
[[0], [0, 83, 88, 44, 45, 53, 38, 36, 36, 31], [0, 34, 83, 55, 80, 41, 77, 41], [0, 39, 55, 35, 38, 33, 65, 40, 47], [0, 33, 87, 74, 45, 37, 62, 70]]
60
8
230.00999999999993
[(3, 5)]
[[0], [0, 0, 36, 82, 141, 229, 296, 377], [0, 0, 32, 100, 145, 202, 272, 336, 396], [0, 0, 88, 156, 223, 303, 378, 467, 544], [0, 0, 52, 103]]
[[0], [0, 36, 46, 39, 68, 67, 61, 55], [0, 32, 68, 45, 57, 70, 44, 40, 75], [0, 88, 48, 67, 80, 75, 89, 57, 32], [0, 52, 51, 35]]
60
8
225.75
[(1, 4)]
[[0], [0, 0, 73, 164, 242, 323, 414], [0, 0, 90, 174, 247, 356, 426, 512, 595, 632, 696], [0, 20, 60, 123, 153, 203, 248, 319], [0, 0, 108, 178, 261, 309, 407]]
[[0], [0, 73, 71, 58, 61, 71, 60], [0, 90, 64, 73, 89, 50, 86, 83, 37, 64, 52], [0, 40, 63, 30, 50, 45, 71, 54], [0, 88, 50, 63, 48, 78, 36]]
60
8
227.21000000000006
[(2, 3)]
[[0], [0, 20, 85, 143, 198, 242, 320, 406, 454, 511, 546], [0, 0, 57], [0, 0, 47, 100, 138, 195, 269, 351], [0, 0, 47, 127, 217, 297]]
[[0], [0, 65, 58, 55, 44, 78, 86, 48, 57, 35, 38], [0, 57, 62], [0, 47, 53, 38, 57, 54, 62, 34], [0, 47, 80, 90, 80, 67]]
60
8
230.52
[]
[[0], [0, 0, 44, 86, 152, 205, 253, 298, 354, 451], [0, 0, 49, 121, 197, 247, 330, 385, 441, 526, 601], [0, 0, 58, 116, 188, 272, 368], [0, 0, 30, 114, 188, 275, 354, 395, 465, 518, 572]]
[[0], [0, 44, 42, 66, 53, 48, 45, 56, 77, 84], [0, 49, 52, 76, 30, 83, 55, 56, 85, 75, 79], [0, 58, 58, 72, 84, 76, 48], [0, 30, 84, 74, 67, 59, 41, 70, 33, 54, 43]]
60
8
295.49
[]
[[0], [0, 20, 76, 125, 176, 220, 298, 358, 399], [0, 0, 39, 91, 157, 198, 267, 336, 426, 501], [0, 20, 71, 160, 269, 345, 418, 461, 550, 591, 668], [0, 0, 57, 124]]
[[0], [0, 56, 49, 51, 44, 78, 60, 41, 70], [0, 39, 52, 66, 41, 69, 49, 70, 75, 64], [0, 51, 89, 89, 76, 73, 43, 89, 41, 77, 84], [0, 57, 47, 52]]
60
8
299.31
[(2, 7), (3, 1), (4, 2)]
[[0], [0, 0, 44, 75, 105], [0, 0, 78, 128, 230, 295], [0, 0, 81, 112, 177], [0, 0, 82, 159, 249, 310, 370, 404, 455, 519]]
[[0], [0, 44, 31, 30, 52], [0, 58, 50, 82, 65, 43], [0, 61, 31, 65, 74], [0, 82, 57, 90, 61, 60, 34, 51, 64, 48]]
60
8
146.37
[]
[[0], [0, 20, 100, 154, 240, 289, 347], [0, 0, 77, 158, 241, 321, 398, 452, 526, 610, 660], [0, 0, 110, 169, 228, 264, 350, 454, 533, 585, 653], [0, 20, 76, 137, 182, 266, 348]]
[[0], [0, 80, 54, 86, 49, 58, 65], [0, 57, 81, 83, 80, 77, 34, 54, 64, 50, 90], [0, 90, 59, 59, 36, 86, 84, 79, 52, 48, 35], [0, 36, 61, 45, 64, 82, 30]]
60
8
249.24
[(2, 8), (4, 1)]
[[0], [0, 0, 48, 116, 164, 248], [0, 0, 87, 158, 203], [0, 0, 54, 125, 188, 255, 306, 339, 387, 472], [0, 0, 102, 156, 230, 312]]
[[0], [0, 48, 68, 48, 84, 60], [0, 67, 71, 45, 50], [0, 54, 71, 63, 67, 51, 33, 48, 85, 44], [0, 82, 54, 74, 82, 86]]
60
8
162.63000000000002
[(2, 3)]
[[0], [0, 0, 74, 173, 224, 314, 392, 443], [0, 0, 41, 76, 109, 195], [0, 20, 105, 179, 271], [0, 0, 34, 92]]
[[0], [0, 74, 79, 31, 90, 78, 51, 85], [0, 41, 35, 33, 86, 32], [0, 85, 74, 72, 45], [0, 34, 58, 55]]
60
8
167.01000000000002
[(1, 3)]
