[[0], [0, 20, 75, 141], [0, 0, 69, 159, 223, 258, 326, 415], [0, 0, 42, 103, 187, 260, 339], [0, 0, 37, 87, 162, 250]]
[[0], [0, 55, 66, 36], [0, 49, 90, 64, 35, 48, 89, 71], [0, 42, 61, 84, 73, 59, 49], [0, 37, 50, 75, 88, 63]]
60
3
144.45999999999998
[(1, 1), (4, 5)]
[[0], [0, 20, 102, 181, 243], [0, 0, 40, 79, 126], [0, 0, 65, 123, 168, 230], [0, 20, 93]]
[[0], [0, 82, 79, 62, 85], [0, 40, 39, 47, 89], [0, 45, 38, 45, 62, 51], [0, 73, 36]]
60
3
132.67000000000002
[]
[[0], [0, 0, 51, 118, 182, 273, 344, 403, 458, 510], [0, 0, 95, 133], [0, 0, 71, 141, 214, 275, 328, 374], [0, 0, 89, 183, 237, 290, 359]]
[[0], [0, 31, 47, 64, 71, 71, 59, 55, 52, 51], [0, 75, 38, 38], [0, 71, 70, 73, 61, 53, 46, 88], [0, 69, 74, 54, 53, 69, 87]]
60
3
152.58
[(1, 2), (4, 2)]
[[0], [0, 0, 81, 125, 220, 272, 328, 411], [0, 0, 54, 132, 177], [0, 0, 86], [0, 0, 96, 142, 225, 281, 325, 415, 502, 534]]
[[0], [0, 81, 44, 75, 52, 56, 83, 56], [0, 54, 78, 45, 80], [0, 86, 76], [0, 76, 46, 83, 56, 44, 90, 67, 32, 68]]
60
3
206.92000000000002
[(1, 7), (3, 2)]
[[0], [0, 0, 84, 194, 251, 332], [0, 20, 74, 126, 185, 235, 324, 413, 478, 539, 612], [0, 0, 42, 98, 132, 178, 268, 303, 336, 423], [0, 0, 36, 104, 191, 258, 303, 383, 465]]
[[0], [0, 64, 90, 37, 81, 80], [0, 54, 52, 39, 50, 89, 89, 65, 61, 73, 58], [0, 42, 56, 34, 46, 70, 35, 33, 67, 54], [0, 36, 68, 87, 47, 45, 80, 62, 67]]
60
3
299.51000000000005
[(1, 2)]
[[0], [0, 0, 79], [0, 0, 63, 142], [0, 0, 41, 108, 194, 275, 324, 398], [0, 0, 57, 135, 167, 250, 330]]
[[0], [0, 59, 33], [0, 63, 79, 56], [0, 41, 67, 86, 81, 49, 54, 42], [0, 57, 78, 32, 83, 60, 79]]
60
3
134.61
[]
[[0], [0, 0, 67, 134, 174, 270, 355, 392, 472, 528], [0, 0, 89, 159, 240, 278, 323, 364], [0, 0, 60, 93, 137, 168, 252, 317, 391, 421], [0, 0, 40, 102, 148, 198, 272, 332, 366, 463, 539]]
[[0], [0, 67, 67, 40, 76, 85, 37, 80, 36, 85], [0, 89, 70, 81, 38, 45, 41, 44], [0, 60, 33, 44, 31, 84, 45, 54, 30, 88], [0, 40, 42, 46, 50, 74, 60, 34, 77, 76, 46]]
60
3
325.09999999999997
[]
[[0], [0, 0, 103, 136, 198, 282, 341, 376, 410, 495, 554], [0, 0, 35, 125, 185, 235, 296, 347, 419, 480], [0, 0, 77, 111, 167, 248, 324, 423, 503, 555, 636], [0, 20, 89]]
[[0], [0, 83, 33, 62, 84, 59, 35, 34, 65, 59, 49], [0, 35, 90, 60, 50, 61, 31, 72, 61, 54], [0, 77, 34, 56, 81, 76, 79, 80, 52, 81, 53], [0, 69, 76]]
60
3
248.73
[(3, 10)]
[[0], [0, 0, 37, 118, 227, 293, 379, 417, 462, 523], [0, 0, 68, 168, 258, 315, 348], [0, 20, 57, 112, 202, 244, 296, 331, 397, 483, 560], [0, 0, 78, 165, 205, 282]]
[[0], [0, 37, 81, 89, 66, 86, 38, 45, 61, 49], [0, 68, 80, 90, 37, 33, 47], [0, 37, 55, 90, 42, 52, 35, 66, 86, 77, 90], [0, 58, 67, 40, 77, 46]]
60
3
223.98000000000002
[]
[[0], [0, 0, 79], [0, 20, 51, 126, 165, 254, 295, 364, 426], [0, 0, 32, 115, 149, 210, 279, 325, 379], [0, 0, 37, 93, 141, 203, 273, 354, 426, 457, 508]]
[[0], [0, 79, 54], [0, 31, 75, 39, 89, 41, 49, 62, 68], [0, 32, 83, 34, 61, 49, 46, 54, 86], [0, 37, 56, 48, 42, 50, 81, 72, 31, 51, 57]]
60
3
220.01999999999998
[(1, 1), (4, 5)]
[[0], [0, 0, 102, 143, 249, 314, 367, 451, 541, 626], [0, 20, 68, 132, 200, 268, 369, 460, 546, 613], [0, 0, 53, 100, 164, 257, 318], [0, 20, 83, 138, 176, 214, 282, 362, 419]]
[[0], [0, 82, 41, 86, 65, 53, 84, 70, 85, 42], [0, 48, 64, 68, 68, 81, 71, 86, 67, 37], [0, 53, 47, 64, 73, 41, 41], [0, 63, 55, 38, 38, 68, 80, 57, 62]]
60
3
231.27999999999997
[]
[[0], [0, 0, 76, 142], [0, 20, 51, 96, 148, 208, 306, 413, 474], [0, 0, 61, 124, 214, 309], [0, 0, 51, 99, 192, 277, 337, 403, 460, 529]]
[[0], [0, 56, 66, 55], [0, 31, 45, 32, 40, 78, 87, 61, 37], [0, 41, 63, 70, 75, 90], [0, 51, 48, 73, 85, 40, 66, 57, 49, 34]]
60
3
180.58000000000004
[(2, 4), (3, 4), (4, 4)]
[[0], [0, 0, 79], [0, 0, 79, 161, 212, 280, 335, 367, 430, 508], [0, 0, 64, 99, 152, 195, 279, 339, 414, 468], [0, 0, 57, 116, 188, 269, 324, 409, 439, 478, 539]]
[[0], [0, 79, 57], [0, 79, 62, 51, 48, 55, 32, 63, 78, 90], [0, 64, 35, 33, 43, 84, 60, 75, 54, 49], [0, 57, 39, 72, 81, 55, 85, 30, 39, 41, 64]]
60
3
215.88999999999996
[(1, 2), (2, 3)]
[[0], [0, 20, 87, 146, 235], [0, 0, 60, 111, 177, 265, 329, 401, 435, 474], [0, 0, 59, 114, 216], [0, 0, 99, 155, 226, 277, 358]]
[[0], [0, 47, 59, 89, 49], [0, 60, 51, 66, 88, 64, 72, 34, 39, 39], [0, 59, 55, 82, 61], [0, 79, 36, 51, 51, 81, 75]]
60
3
169.69000000000003
[(4, 6)]
[[0], [0, 0, 32], [0, 0, 60, 101, 157], [0, 0, 89, 160, 247, 336, 399], [0, 0, 32, 113, 196]]
[[0], [0, 32, 61], [0, 40, 41, 56, 62], [0, 89, 71, 87, 89, 63, 54], [0, 32, 61, 63, 72]]
60
3
137.29
[(1, 2), (2, 4)]
[[0], [0, 20, 103, 152, 234], [0, 0, 89, 168, 223, 275], [0, 0, 36], [0, 20, 56, 116, 198, 231, 284, 371, 421]]
[[0], [0, 83, 49, 82, 65], [0, 89, 79, 35, 52, 79], [0, 36, 69], [0, 36, 60, 82, 33, 33, 87, 50, 45]]
60
3
159.76
[(3, 2)]
[[0], [0, 0, 63, 97, 147], [0, 0, 47, 157, 245, 330, 407, 437, 487], [0, 0, 86], [0, 20, 105]]
[[0], [0, 43, 34, 50, 55], [0, 47, 90, 68, 85, 77, 30, 30, 45], [0, 66, 37], [0, 65, 55]]
60
3
121.00000000000001
[(2, 3)]
[[0], [0, 0, 51, 86, 129, 206, 247, 302, 344, 397], [0, 20, 96], [0, 0, 87, 168, 229, 329, 393, 462, 551, 630, 684], [0, 0, 77, 177, 265, 369, 457]]
[[0], [0, 51, 35, 43, 77, 41, 35, 42, 53, 30], [0, 56, 43], [0, 67, 81, 61, 80, 44, 49, 69, 79, 54, 64], [0, 77, 80, 68, 84, 68, 45]]
60
3
215.76
[(4, 3)]
[[0], [0, 20, 88, 121, 190, 264, 354, 431, 494, 552, 618], [0, 0, 109, 146, 204], [0, 0, 55, 140, 217, 300, 354, 440, 493, 544, 588], [0, 0, 105, 153, 219, 259]]
[[0], [0, 48, 33, 69, 54, 90, 77, 63, 58, 66, 48], [0, 89, 37, 58, 85], [0, 35, 85, 77, 83, 54, 86, 53, 51, 44, 66], [0, 85, 48, 46, 40, 83]]
60
3
192.39000000000004
[(1, 1)]
[[0], [0, 0, 67, 152, 197, 242, 281], [0, 20, 97, 181, 228, 294, 402, 473, 561, 641], [0, 0, 85, 166, 251], [0, 0, 35]]
[[0], [0, 47, 85, 45, 45, 39, 33], [0, 77, 84, 47, 66, 88, 71, 68, 80, 63], [0, 85, 81, 85, 51], [0, 35, 75]]
60
3
208.53
[(4, 2)]
[[0], [0, 0, 35, 104], [0, 0, 81, 119, 203, 263], [0, 0, 73, 133, 176, 246, 328, 384], [0, 0, 46, 133, 196, 293, 346, 388, 461, 535]]
[[0], [0, 35, 69, 65], [0, 81, 38, 84, 60, 35], [0, 73, 60, 43, 70, 82, 36, 35], [0, 46, 67, 63, 77, 33, 42, 73, 74, 90]]
60
3
191.03000000000003
[(3, 7)]
[[0], [0, 0, 47, 89, 196], [0, 20, 98, 174, 208, 296, 381, 482, 551], [0, 20, 68, 150, 243, 293, 353, 406, 475, 505], [0, 0, 38, 148, 197]]
[[0], [0, 47, 42, 87, 81], [0, 78, 76, 34, 88, 65, 81, 69, 46], [0, 48, 62, 73, 50, 40, 33, 69, 30, 71], [0, 38, 90, 49, 63]]
60
3
228.28999999999996
[(2, 6), (3, 1)]
[[0], [0, 0, 39, 134, 207, 295, 385], [0, 0, 54, 104, 152, 241, 291, 371, 430], [0, 20, 98, 181, 268, 323, 359, 453, 533], [0, 0, 38, 143, 214, 289, 324, 394, 439, 533]]
[[0], [0, 39, 75, 73, 88, 70, 77], [0, 54, 30, 48, 89, 30, 80, 59, 56], [0, 78, 63, 87, 35, 36, 74, 80, 61], [0, 38, 85, 71, 75, 35, 70, 45, 74, 90]]
60
3
289.99999999999994
[]
[[0], [0, 0, 76, 155, 217], [0, 0, 55, 112, 171, 226, 318, 365, 407, 489, 559], [0, 0, 74, 136, 169, 244, 318, 385, 444, 481], [0, 0, 62]]
[[0], [0, 56, 79, 42, 42], [0, 55, 37, 59, 55, 72, 47, 42, 82, 70, 45], [0, 74, 62, 33, 75, 54, 67, 39, 37, 40], [0, 42, 83]]
60
3
234.45999999999998
[]
[[0], [0, 0, 40, 81, 137, 202, 271], [0, 0, 71, 120], [0, 0, 95, 142], [0, 20, 87, 176, 229, 304, 351]]
[[0], [0, 40, 41, 56, 65, 69, 54], [0, 51, 49, 43], [0, 75, 47, 65], [0, 67, 69, 53, 75, 47, 35]]
60
3
158.53
[]
[[0], [0, 0, 84, 132, 190, 241, 311, 400, 450], [0, 0, 64, 161, 225, 295, 351, 390, 487, 576], [0, 0, 73, 157, 207, 280, 311, 377, 450, 496, 544], [0, 0, 71, 101]]
[[0], [0, 84, 48, 58, 51, 70, 89, 30, 84], [0, 64, 77, 44, 70, 56, 39, 77, 89, 71], [0, 73, 84, 50, 73, 31, 66, 53, 46, 48, 64], [0, 71, 30, 66]]
60
3
234.9
[(2, 3)]
[[0], [0, 0, 103, 192, 239, 288, 350], [0, 0, 95, 167, 222, 278, 337, 414], [0, 0, 41, 83, 189, 249], [0, 20, 52, 89]]
[[0], [0, 83, 89, 47, 49, 42, 41], [0, 75, 72, 35, 56, 59, 77, 69], [0, 41, 42, 86, 60, 83], [0, 32, 37, 48]]
60
3
184.10000000000005
[(2, 2), (3, 5)]
[[0], [0, 0, 108, 163, 218, 309, 381, 444], [0, 20, 130, 214, 287, 355, 428, 474, 506, 590], [0, 0, 64, 141], [0, 0, 49, 126, 199]]
[[0], [0, 88, 35, 55, 71, 52, 43, 47], [0, 90, 64, 73, 68, 73, 46, 32, 84, 80], [0, 64, 77, 37], [0, 49, 77, 73, 43]]
60
3
125.61
[(2, 1)]
[[0], [0, 20, 53, 105, 142, 227, 298, 363], [0, 0, 74, 117, 185, 251, 329, 400], [0, 0, 51, 128, 214, 260, 333, 407], [0, 0, 71, 143]]
[[0], [0, 33, 32, 37, 85, 71, 65, 84], [0, 74, 43, 68, 46, 78, 71, 48], [0, 31, 57, 86, 46, 73, 74, 55], [0, 71, 72, 51]]
60
3
179.81
[(1, 1), (4, 2)]
[[0], [0, 0, 97, 178, 241, 296, 381, 460, 569, 605], [0, 0, 57, 121, 158, 240, 331, 398, 439], [0, 0, 84], [0, 0, 41, 125, 164, 227, 259, 308, 376]]
[[0], [0, 77, 81, 63, 35, 85, 79, 89, 36, 57], [0, 57, 44, 37, 82, 71, 67, 41, 82], [0, 84, 56], [0, 41, 64, 39, 63, 32, 49, 68, 48]]
60
3
228.6
[(1, 2)]
