[[0], [0, 20, 95], [0, 0, 62, 94], [0, 0, 57, 137], [0, 0, 61]]
[[0], [0, 75, 74], [0, 62, 32, 82], [0, 37, 80, 45], [0, 61, 61]]
60
3
92.00000000000001
[(4, 1)]
[[0], [0, 20, 80, 150, 207], [0, 0, 41, 110, 167], [0, 0, 71, 152, 207, 283], [0, 20, 85, 136, 166, 227]]
[[0], [0, 60, 70, 57, 69], [0, 41, 69, 57, 63], [0, 71, 61, 55, 76, 80], [0, 65, 51, 30, 61, 55]]
60
3
170.18
[(3, 5)]
[[0], [0, 0, 31, 135], [0, 0, 56, 102, 134], [0, 0, 91, 195, 277, 367], [0, 20, 102]]
[[0], [0, 31, 84, 58], [0, 36, 46, 32, 45], [0, 71, 84, 82, 90, 80], [0, 62, 60]]
60
3
111.86000000000001
[(2, 4), (3, 2), (4, 2)]
[[0], [0, 0, 85], [0, 0, 66, 131, 169], [0, 0, 42, 127, 204, 269], [0, 0, 82, 152, 188, 247]]
[[0], [0, 85, 32], [0, 66, 65, 38, 38], [0, 42, 85, 77, 65, 41], [0, 82, 70, 36, 59, 57]]
60
3
149.57999999999998
[]
[[0], [0, 20, 81, 150, 201, 268], [0, 20, 130, 198, 252, 338], [0, 20, 104, 161, 197, 264], [0, 20, 55, 114, 197, 256]]
[[0], [0, 61, 49, 51, 67, 80], [0, 90, 48, 54, 86, 51], [0, 84, 57, 36, 67, 57], [0, 35, 39, 83, 39, 89]]
60
3
160.36
[(2, 1)]
[[0], [0, 0, 32], [0, 0, 56, 102, 174], [0, 0, 62, 149], [0, 0, 67, 151, 225]]
[[0], [0, 32, 64], [0, 56, 46, 52, 68], [0, 62, 67, 89], [0, 67, 84, 74, 47]]
60
3
107.63999999999999
[(1, 2)]
[[0], [0, 0, 87, 170, 249], [0, 0, 89, 157, 231], [0, 0, 61, 112, 202, 236], [0, 20, 116]]
[[0], [0, 87, 83, 59, 74], [0, 69, 48, 74, 70], [0, 61, 51, 70, 34, 62], [0, 76, 43]]
60
3
109.30999999999999
[(3, 5), (4, 1)]
[[0], [0, 0, 88], [0, 0, 37, 107], [0, 0, 66], [0, 20, 86, 192]]
[[0], [0, 88, 49], [0, 37, 70, 56], [0, 46, 41], [0, 66, 86, 47]]
60
3
92.78999999999999
[]
[[0], [0, 0, 77, 185, 231], [0, 20, 71], [0, 0, 50, 87, 161, 201], [0, 0, 54, 105]]
[[0], [0, 77, 88, 46, 63], [0, 51, 59], [0, 50, 37, 74, 40, 56], [0, 54, 31, 87]]
60
3
111.48
[]
[[0], [0, 20, 86], [0, 0, 50], [0, 0, 44, 108, 197], [0, 0, 64, 110, 179, 224]]
[[0], [0, 66, 42], [0, 50, 37], [0, 44, 64, 89, 85], [0, 64, 46, 69, 45, 77]]
60
3
133.2
[(1, 2), (2, 2)]
[[0], [0, 0, 86], [0, 20, 52, 117, 195, 297], [0, 0, 47, 84, 149], [0, 20, 69, 115, 170, 225]]
[[0], [0, 86, 84], [0, 32, 65, 78, 82, 89], [0, 47, 37, 65, 68], [0, 49, 46, 35, 35, 40]]
60
3
134.54
[(2, 4), (4, 4)]
[[0], [0, 0, 62, 120, 163], [0, 20, 97, 133, 216, 250], [0, 0, 101], [0, 0, 62, 101]]
[[0], [0, 42, 58, 43, 42], [0, 57, 36, 83, 34, 76], [0, 81, 55], [0, 62, 39, 38]]
60
3
98.58000000000001
[]
[[0], [0, 0, 60, 140, 170, 253], [0, 20, 61, 150], [0, 0, 52, 133], [0, 0, 64, 106, 182]]
[[0], [0, 60, 80, 30, 83, 46], [0, 41, 89, 40], [0, 52, 81, 66], [0, 64, 42, 76, 44]]
60
3
121.08999999999999
[(2, 3), (3, 3)]
[[0], [0, 0, 92], [0, 20, 85], [0, 20, 100, 179], [0, 0, 30]]
[[0], [0, 72, 44], [0, 65, 83], [0, 60, 79, 32], [0, 30, 85]]
60
3
82.69
[(3, 1)]
[[0], [0, 20, 83], [0, 0, 32], [0, 0, 78, 114, 198, 236], [0, 0, 32, 95, 163]]
[[0], [0, 43, 46], [0, 32, 61], [0, 58, 36, 84, 38, 79], [0, 32, 63, 68, 70]]
60
3
86.19
[(4, 4)]
[[0], [0, 0, 77, 155, 265, 318], [0, 0, 56, 106], [0, 0, 78, 149, 219, 277], [0, 0, 37, 125, 171]]
[[0], [0, 77, 78, 90, 53, 79], [0, 56, 50, 69], [0, 78, 71, 70, 58, 43], [0, 37, 88, 46, 73]]
60
3
164.24999999999997
[]
[[0], [0, 0, 62, 131], [0, 20, 92, 170, 231, 316], [0, 0, 89, 154], [0, 0, 53]]
[[0], [0, 62, 49, 85], [0, 52, 78, 61, 65, 57], [0, 69, 65, 81], [0, 53, 31]]
60
3
112.24
[]
[[0], [0, 20, 88, 118, 217], [0, 20, 76, 147], [0, 20, 53, 105, 137], [0, 0, 71, 117]]
[[0], [0, 48, 30, 79, 48], [0, 36, 71, 62], [0, 33, 52, 32, 69], [0, 71, 46, 49]]
60
3
106.83999999999997
[(1, 1), (2, 1)]
[[0], [0, 0, 85, 134, 177], [0, 0, 70], [0, 0, 58, 94, 168, 217], [0, 0, 84, 156]]
[[0], [0, 85, 49, 43, 48], [0, 70, 83], [0, 58, 36, 54, 49, 36], [0, 84, 72, 47]]
60
3
112.24000000000002
[(2, 2)]
[[0], [0, 0, 100, 181, 265, 318], [0, 0, 55], [0, 0, 50], [0, 0, 46, 148, 183, 236]]
[[0], [0, 80, 81, 84, 33, 33], [0, 55, 73], [0, 50, 36], [0, 46, 82, 35, 53, 71]]
60
3
123.38000000000001
[]
[[0], [0, 0, 70, 172, 227, 274], [0, 0, 30], [0, 0, 43], [0, 0, 39, 116]]
[[0], [0, 70, 82, 35, 47, 54], [0, 30, 86], [0, 43, 69], [0, 39, 77, 35]]
60
3
121.46000000000001
[]
[[0], [0, 0, 47], [0, 0, 79, 164, 218], [0, 0, 48, 85, 165], [0, 0, 61]]
[[0], [0, 47, 51], [0, 59, 85, 54, 62], [0, 48, 37, 80, 85], [0, 41, 65]]
60
3
96.76
[]
[[0], [0, 0, 85, 150, 229], [0, 20, 70, 102], [0, 0, 55, 133], [0, 20, 71, 123, 227, 305]]
[[0], [0, 85, 65, 79, 67], [0, 50, 32, 30], [0, 35, 78, 43], [0, 51, 52, 84, 58, 68]]
60
3
125.34999999999998
[]
[[0], [0, 0, 105, 168], [0, 0, 76, 149], [0, 0, 73, 114, 165, 268], [0, 0, 44, 101, 181]]
[[0], [0, 85, 63, 68], [0, 76, 73, 58], [0, 53, 41, 31, 83, 58], [0, 44, 57, 60, 67]]
60
3
151.22
[]
[[0], [0, 0, 60, 130, 171], [0, 0, 56, 105, 145, 233], [0, 20, 73, 144, 180, 252], [0, 0, 66, 96, 171]]
[[0], [0, 60, 50, 41, 65], [0, 56, 49, 40, 88, 47], [0, 53, 71, 36, 72, 83], [0, 66, 30, 55, 32]]
60
3
159.49
[]
[[0], [0, 0, 49, 142], [0, 0, 42, 122], [0, 0, 59], [0, 20, 60, 143]]
[[0], [0, 49, 73, 34], [0, 42, 60, 75], [0, 39, 33], [0, 40, 83, 58]]
60
3
85.33
[(4, 3)]
[[0], [0, 20, 91, 201, 258], [0, 0, 83, 172], [0, 0, 75], [0, 0, 59]]
[[0], [0, 51, 90, 57, 90], [0, 83, 89, 46], [0, 75, 34], [0, 59, 70]]
60
3
102.90000000000002
[(1, 4)]
[[0], [0, 0, 40, 99, 175], [0, 0, 83, 155], [0, 0, 75, 142, 197, 282], [0, 0, 107]]
[[0], [0, 40, 59, 76, 62], [0, 83, 72, 70], [0, 75, 47, 55, 85, 45], [0, 87, 90]]
60
3
146.26000000000002
[]
[[0], [0, 0, 36, 105, 158, 206], [0, 0, 69], [0, 0, 71, 141], [0, 0, 55]]
[[0], [0, 36, 69, 53, 48, 58], [0, 69, 52], [0, 71, 50, 39], [0, 35, 85]]
60
3
84.74999999999999
[(2, 2), (3, 3)]
[[0], [0, 0, 74, 150], [0, 0, 36, 129, 164, 269], [0, 0, 61, 116, 168], [0, 0, 62, 95, 151, 182]]
[[0], [0, 74, 76, 40], [0, 36, 73, 35, 85, 72], [0, 41, 55, 32, 76], [0, 62, 33, 36, 31, 76]]
60
3
134.77
[(2, 5)]
