[[0], [0, 0, 33, 79, 109, 194, 277, 356], [0, 0, 81, 123, 210, 253, 297], [0, 0, 50, 84, 153, 183, 220], [0, 0, 82, 155, 192, 279, 388, 482, 578, 633]]
[[0], [0, 33, 46, 30, 85, 83, 79, 53], [0, 81, 42, 87, 43, 44, 68], [0, 50, 34, 69, 30, 37, 84], [0, 82, 53, 37, 87, 89, 74, 76, 55, 58]]
60
1
250.82999999999998
[(4, 6)]
[[0], [0, 0, 46], [0, 0, 70], [0, 0, 67, 111], [0, 0, 76, 166, 260, 303, 336, 395, 480, 565, 618]]
[[0], [0, 46, 42], [0, 70, 65], [0, 67, 44, 80], [0, 76, 90, 74, 43, 33, 39, 85, 85, 53, 88]]
60
1
169.40999999999997
[(1, 2), (4, 4)]
[[0], [0, 0, 76, 138], [0, 0, 87, 177, 264, 317, 402, 498, 582], [0, 0, 87], [0, 0, 51, 131]]
[[0], [0, 76, 62, 60], [0, 67, 90, 87, 53, 85, 76, 84, 81], [0, 87, 80], [0, 31, 80, 36]]
60
1
138.88000000000002
[]
[[0], [0, 20, 68, 136, 200, 305, 355], [0, 20, 104, 163, 228, 304, 344, 432], [0, 0, 75, 135, 210, 269, 305, 373], [0, 0, 83, 168, 206, 287, 386]]
[[0], [0, 48, 68, 64, 85, 50, 44], [0, 84, 59, 65, 76, 40, 88, 47], [0, 55, 60, 55, 59, 36, 68, 64], [0, 83, 85, 38, 81, 79, 62]]
60
1
238.42999999999998
[(3, 2)]
[[0], [0, 0, 43, 125, 189, 234, 278, 343], [0, 0, 82, 162, 242, 327, 391], [0, 0, 98, 140, 211, 294, 361], [0, 0, 78, 160, 239, 321, 374, 430, 501, 544]]
[[0], [0, 43, 82, 44, 45, 44, 65, 81], [0, 62, 80, 80, 65, 64, 80], [0, 78, 42, 71, 83, 67, 78], [0, 78, 82, 79, 82, 53, 56, 51, 43, 67]]
60
1
290.9799999999999
[(1, 7)]
[[0], [0, 0, 68, 145, 220, 291], [0, 20, 50, 129, 181], [0, 0, 75, 156, 208, 274], [0, 0, 49, 106, 150]]
[[0], [0, 68, 77, 55, 51, 65], [0, 30, 79, 52, 72], [0, 75, 81, 32, 66, 80], [0, 49, 37, 44, 54]]
60
1
168.85999999999999
[]
[[0], [0, 0, 36, 95, 137, 182, 234], [0, 0, 38, 80, 132, 192], [0, 0, 83, 134, 167], [0, 20, 89, 172, 251, 329, 389, 440]]
[[0], [0, 36, 59, 42, 45, 52, 47], [0, 38, 42, 32, 60, 49], [0, 83, 51, 33, 65], [0, 69, 83, 59, 78, 60, 31, 45]]
60
1
164.18
[(1, 6)]
[[0], [0, 0, 35, 107, 174, 226, 263], [0, 20, 65, 140, 245, 304, 375, 449, 513], [0, 20, 99, 157, 200, 278, 342, 394, 479], [0, 0, 67, 143, 201, 299, 384, 469, 527, 602]]
[[0], [0, 35, 72, 67, 52, 37, 88], [0, 45, 75, 85, 59, 51, 74, 64, 48], [0, 79, 38, 43, 78, 64, 52, 65, 74], [0, 67, 76, 58, 78, 65, 85, 58, 55, 32]]
60
1
245.85000000000002
[(4, 5)]
[[0], [0, 0, 73, 136, 206, 272, 343, 426, 501, 575, 639], [0, 0, 94], [0, 0, 51, 97], [0, 0, 50, 106, 172, 237, 290, 400, 482, 541, 612]]
[[0], [0, 73, 63, 50, 46, 51, 63, 55, 74, 44, 82], [0, 74, 60], [0, 51, 46, 81], [0, 50, 36, 66, 65, 53, 90, 62, 59, 51, 53]]
60
1
203.41000000000003
[(1, 4), (3, 3), (4, 7)]
[[0], [0, 20, 108, 139, 244, 278, 335, 422, 480, 544], [0, 0, 73, 138, 199], [0, 20, 110, 160, 212], [0, 20, 53, 134, 190, 251, 307, 394, 465, 507, 563]]
[[0], [0, 68, 31, 85, 34, 57, 67, 38, 44, 60], [0, 53, 65, 61, 80], [0, 70, 30, 52, 85], [0, 33, 61, 56, 61, 36, 87, 71, 42, 56, 33]]
60
1
222.16
[(3, 1)]
[[0], [0, 0, 34, 127, 166, 196, 293, 363, 449, 534, 604], [0, 20, 92, 167, 257], [0, 20, 75, 137, 205, 282, 343, 393, 477, 526, 600], [0, 20, 80, 151, 227, 304, 379, 450, 517, 550, 598]]
[[0], [0, 34, 73, 39, 30, 77, 70, 86, 85, 50, 44], [0, 52, 75, 70, 47], [0, 55, 62, 68, 77, 41, 50, 84, 49, 74, 45], [0, 60, 71, 76, 77, 75, 71, 67, 33, 48, 47]]
60
1
312.63
[(2, 1)]
[[0], [0, 0, 73, 112, 176], [0, 20, 77, 162, 230, 289, 357, 416, 488, 593, 673], [0, 0, 50, 107, 169, 241, 297, 350], [0, 0, 52, 108, 160, 192, 278]]
[[0], [0, 73, 39, 44, 40], [0, 57, 65, 68, 39, 68, 39, 72, 85, 80, 58], [0, 30, 57, 62, 72, 56, 53, 49], [0, 52, 56, 52, 32, 86, 65]]
60
1
184.07999999999998
[(1, 4), (2, 1)]
[[0], [0, 0, 58, 138, 182], [0, 0, 74, 136, 194, 253, 290, 343, 393, 472], [0, 0, 85, 148, 227, 336, 374], [0, 0, 89, 152, 220, 300, 374, 421, 511, 594, 627]]
[[0], [0, 58, 80, 44, 37], [0, 74, 62, 38, 59, 37, 53, 50, 59, 45], [0, 85, 63, 79, 89, 38, 53], [0, 89, 63, 68, 60, 74, 47, 70, 83, 33, 77]]
60
1
239.80999999999995
[]
[[0], [0, 0, 35], [0, 0, 54, 144], [0, 20, 53, 83, 164, 242, 328, 402, 432], [0, 0, 85, 154, 194, 246, 299, 379, 439, 543]]
[[0], [0, 35, 58], [0, 54, 90, 42], [0, 33, 30, 81, 78, 86, 54, 30, 52], [0, 65, 69, 40, 52, 53, 60, 60, 84, 77]]
60
1
210.79999999999995
[(2, 3)]
[[0], [0, 0, 87, 129, 189], [0, 0, 88, 183, 244], [0, 0, 58, 105, 160], [0, 0, 41, 125]]
[[0], [0, 87, 42, 60, 70], [0, 88, 75, 61, 63], [0, 58, 47, 55, 41], [0, 41, 84, 67]]
60
1
139.98000000000005
[]
[[0], [0, 20, 79], [0, 0, 59, 91, 199, 261], [0, 0, 71, 161, 218, 267, 309, 397, 478], [0, 0, 86, 133, 163]]
[[0], [0, 59, 53], [0, 59, 32, 88, 62, 57], [0, 51, 90, 57, 49, 42, 88, 81, 44], [0, 86, 47, 30, 33]]
60
1
179.5
[]
[[0], [0, 0, 65, 136, 167, 211, 275, 355], [0, 20, 65, 150, 222, 270, 343, 406], [0, 0, 57], [0, 0, 75, 127, 178, 252, 334, 404, 458, 551]]
[[0], [0, 45, 71, 31, 44, 64, 80, 31], [0, 45, 65, 72, 48, 73, 63, 47], [0, 37, 75], [0, 75, 32, 51, 74, 82, 70, 54, 73, 34]]
60
1
191.47000000000003
[(2, 1)]
[[0], [0, 20, 80], [0, 0, 71, 122, 188, 253, 339, 401], [0, 20, 106, 136, 212], [0, 0, 42, 132, 191, 279, 329, 390, 476, 538]]
[[0], [0, 60, 55], [0, 71, 51, 46, 45, 86, 62, 45], [0, 86, 30, 76, 90], [0, 42, 90, 59, 88, 30, 61, 86, 42, 73]]
60
1
200.53
[(3, 4)]
[[0], [0, 0, 90, 168, 247, 327, 434, 479, 568, 643, 724], [0, 0, 56, 135, 201, 277, 340, 401, 482], [0, 0, 76, 115, 185, 264, 322, 432], [0, 0, 84, 179, 268, 335, 435, 522, 590, 661]]
[[0], [0, 90, 78, 59, 60, 87, 45, 89, 55, 81, 59], [0, 36, 79, 46, 76, 43, 61, 81, 61], [0, 56, 39, 70, 79, 38, 90, 59], [0, 84, 75, 89, 67, 80, 87, 68, 71, 35]]
60
1
291.10999999999996
[(1, 4), (2, 2)]
[[0], [0, 0, 67, 139, 204, 272, 312, 366, 396, 439, 515], [0, 0, 106, 199, 256, 293, 329, 438, 522, 632], [0, 0, 32, 71, 159, 233, 280, 365, 441, 508], [0, 0, 53, 96, 183, 264, 322, 411]]
[[0], [0, 47, 72, 65, 68, 40, 34, 30, 43, 56, 31], [0, 86, 73, 57, 37, 36, 89, 84, 90, 80], [0, 32, 39, 88, 74, 47, 85, 56, 67, 48], [0, 33, 43, 87, 61, 58, 89, 60]]
60
1
329.2100000000001
[(2, 2)]
[[0], [0, 0, 41, 123, 220, 277, 346], [0, 20, 76, 151, 230, 305, 370, 442, 505, 565], [0, 0, 66, 154, 222, 258, 354], [0, 0, 38, 95, 166, 242, 324, 374, 436]]
[[0], [0, 41, 82, 77, 57, 49, 69], [0, 36, 75, 79, 75, 65, 72, 63, 60, 31], [0, 66, 68, 68, 36, 76, 53], [0, 38, 57, 71, 76, 82, 30, 62, 48]]
60
1
237.9799999999999
[(2, 1)]
[[0], [0, 0, 90, 178, 246], [0, 0, 60, 129, 192], [0, 0, 80, 175, 277, 327, 386, 441], [0, 20, 53]]
[[0], [0, 70, 88, 68, 74], [0, 60, 69, 43, 44], [0, 80, 75, 82, 50, 59, 35, 84], [0, 33, 84]]
60
1
141.95000000000005
[(1, 4), (3, 2)]
[[0], [0, 0, 49, 113, 197, 280, 341, 447, 488, 568, 647], [0, 0, 74, 140], [0, 20, 79, 135, 223, 261, 345, 399, 475], [0, 0, 67, 101, 134, 174, 246, 331, 388]]
[[0], [0, 49, 64, 84, 83, 61, 86, 41, 80, 79, 84], [0, 74, 46, 82], [0, 59, 36, 88, 38, 84, 54, 56, 40], [0, 67, 34, 33, 40, 72, 65, 37, 53]]
60
1
272.42
[(3, 1)]
[[0], [0, 0, 91, 138, 190, 250, 306, 347, 421, 493, 554], [0, 0, 45, 75, 129, 170, 271, 361, 409, 477], [0, 20, 86, 143, 214], [0, 0, 56, 111, 182, 222, 298, 375, 443, 528]]
[[0], [0, 71, 47, 52, 40, 56, 41, 74, 52, 61, 58], [0, 45, 30, 54, 41, 81, 90, 48, 48, 41], [0, 46, 37, 51, 30], [0, 56, 55, 71, 40, 56, 77, 48, 85, 41]]
60
1
260.39
[(4, 9)]
[[0], [0, 0, 38, 125, 159, 221], [0, 0, 34, 95, 178, 229, 282, 365, 435, 506, 592], [0, 0, 63, 128], [0, 20, 103, 138, 192, 276, 328, 404]]
[[0], [0, 38, 87, 34, 42, 74], [0, 34, 61, 63, 51, 53, 83, 70, 51, 66, 86], [0, 63, 65, 81], [0, 83, 35, 54, 84, 52, 76, 42]]
60
1
213.09
[]
[[0], [0, 0, 43, 74, 114, 195, 231, 267, 339, 410], [0, 0, 60], [0, 0, 49, 111, 158, 217, 258, 309, 364, 443, 483], [0, 0, 63, 95, 160, 232]]
[[0], [0, 43, 31, 40, 81, 36, 36, 72, 71, 40], [0, 40, 70], [0, 49, 62, 47, 59, 41, 31, 55, 79, 40, 55], [0, 63, 32, 65, 72, 43]]
60
1
188.70999999999995
[]
[[0], [0, 20, 78, 177], [0, 0, 52, 89, 184, 215, 285, 324, 405, 465], [0, 0, 30, 111, 175, 229, 297, 356, 418, 528, 585], [0, 0, 38]]
[[0], [0, 58, 79, 57], [0, 52, 37, 75, 31, 70, 39, 81, 60, 75], [0, 30, 81, 64, 54, 48, 39, 62, 90, 57, 31], [0, 38, 41]]
60
1
214.3
[]
[[0], [0, 0, 75, 152, 242, 305, 390, 451], [0, 0, 33, 103, 143, 195, 280, 369], [0, 0, 69, 120, 150, 202, 272, 342], [0, 0, 46, 151, 226, 268, 298, 357, 404, 471, 542]]
[[0], [0, 75, 77, 90, 63, 85, 41, 41], [0, 33, 50, 40, 32, 85, 89, 37], [0, 69, 51, 30, 52, 70, 50, 35], [0, 46, 85, 75, 42, 30, 59, 47, 67, 71, 41]]
60
1
287.53
[(4, 10)]
[[0], [0, 0, 35, 84, 168, 204, 284, 367, 427, 506, 582], [0, 0, 72, 155, 207, 273, 319, 359], [0, 0, 101, 151, 208, 253, 330], [0, 0, 78]]
[[0], [0, 35, 49, 84, 36, 80, 83, 60, 79, 76, 73], [0, 72, 83, 52, 46, 46, 40, 47], [0, 81, 50, 57, 45, 57, 75], [0, 78, 46]]
60
1
195.85999999999999
[]
[[0], [0, 0, 89], [0, 20, 62, 142, 187, 241, 309, 369], [0, 0, 45, 125, 162, 246, 283, 372, 406, 450], [0, 0, 76, 147, 201, 241, 332, 395]]
[[0], [0, 89, 70], [0, 42, 80, 45, 34, 48, 40, 85], [0, 45, 80, 37, 84, 37, 89, 34, 44, 54], [0, 56, 71, 54, 40, 71, 43, 60]]
60
1
188.04000000000002
[(2, 7)]
