[[0], [0, 0, 35, 135, 237, 306, 386, 457, 514], [0, 0, 32, 63, 148, 188, 297, 361, 440, 484, 549, 582, 649, 705, 777, 857], [0, 0, 51, 124, 186, 268, 349, 415, 467, 547], [0, 0, 34, 94, 131, 174, 211, 274]]
[[0], [0, 35, 80, 82, 69, 80, 71, 57, 57], [0, 32, 31, 85, 40, 89, 64, 79, 44, 65, 33, 67, 56, 72, 80, 60], [0, 51, 73, 42, 82, 81, 46, 52, 80, 34], [0, 34, 60, 37, 43, 37, 63, 57]]
60
3
280.06
[(1, 3)]
[[0], [0, 0, 94, 188, 278, 334, 400, 456, 533, 589, 619], [0, 0, 70, 154, 208, 264, 333], [0, 0, 102, 174, 247, 299, 349, 389, 493, 550, 588, 654, 732, 812], [0, 0, 81, 120, 197, 270, 314, 403, 434, 517, 625]]
[[0], [0, 74, 74, 90, 56, 46, 36, 57, 56, 30, 90], [0, 70, 84, 54, 56, 69, 40], [0, 82, 52, 53, 32, 50, 40, 84, 57, 38, 66, 78, 80, 30], [0, 61, 39, 77, 53, 44, 89, 31, 83, 88, 81]]
60
3
336.2399999999999
[(1, 2), (3, 2)]
[[0], [0, 20, 65], [0, 0, 85, 175, 245, 306, 337, 420, 482, 568, 601, 668], [0, 20, 103, 139, 227, 289, 343, 388, 469, 540, 580, 655, 726, 800], [0, 0, 83, 146]]
[[0], [0, 45, 49], [0, 85, 90, 70, 41, 31, 83, 42, 66, 33, 67, 75], [0, 83, 36, 68, 62, 54, 45, 81, 51, 40, 75, 71, 74, 39], [0, 83, 63, 36]]
60
3
213.3
[(1, 2), (4, 3)]
[[0], [0, 0, 43, 116, 214, 303, 377, 423, 474, 555, 621, 691], [0, 0, 79, 167, 240, 310, 343, 408, 449, 484], [0, 0, 41, 100, 167, 227, 268, 347, 397, 460, 563, 626], [0, 0, 94]]
[[0], [0, 43, 73, 78, 89, 54, 46, 51, 61, 46, 70, 58], [0, 79, 88, 53, 70, 33, 65, 41, 35, 48], [0, 41, 59, 67, 60, 41, 79, 50, 63, 83, 43, 66], [0, 74, 44]]
60
3
272.52000000000004
[(1, 4)]
[[0], [0, 0, 89, 178, 235, 312, 355, 415, 463, 544, 581, 620, 700, 776, 855, 944], [0, 0, 45, 75], [0, 0, 80, 113, 196, 262, 341, 382, 472, 536, 618, 679, 751], [0, 20, 69, 157, 197, 282, 338, 435, 536, 620, 674, 758, 845, 900, 989, 1022]]
[[0], [0, 89, 89, 57, 77, 43, 60, 48, 61, 37, 39, 80, 56, 59, 89, 64], [0, 45, 30, 59], [0, 80, 33, 83, 66, 79, 41, 70, 64, 82, 61, 72, 41], [0, 49, 88, 40, 85, 56, 77, 81, 84, 54, 84, 67, 55, 89, 33, 43]]
60
3
348.28
[(1, 13), (2, 3), (4, 7)]
[[0], [0, 20, 73], [0, 0, 109, 206, 264, 327, 403, 455, 522, 593, 680, 726, 816, 854], [0, 0, 59, 102], [0, 0, 83, 168, 249, 287, 347, 413]]
[[0], [0, 53, 54], [0, 89, 77, 58, 63, 76, 52, 47, 71, 87, 46, 70, 38, 49], [0, 59, 43, 38], [0, 83, 85, 61, 38, 60, 46, 87]]
60
3
173.78000000000003
[(1, 1), (2, 2)]
[[0], [0, 0, 64, 114, 149], [0, 0, 45, 81, 144, 194, 268, 331, 368], [0, 0, 54, 91, 177, 265], [0, 0, 85, 147, 212, 273, 337, 424, 474]]
[[0], [0, 64, 50, 35, 36], [0, 45, 36, 63, 50, 54, 63, 37, 44], [0, 54, 37, 86, 88, 89], [0, 85, 62, 65, 41, 64, 67, 30, 59]]
60
3
230.23000000000005
[]
[[0], [0, 0, 56, 134, 217, 303, 384, 465, 555, 590, 679, 743, 808], [0, 0, 73, 135, 199, 238, 296, 346, 396, 440, 503, 565, 632], [0, 0, 49, 117, 220, 277, 340, 416], [0, 0, 80, 187, 217]]
[[0], [0, 56, 78, 83, 86, 61, 81, 90, 35, 89, 44, 45, 83], [0, 53, 62, 64, 39, 58, 50, 50, 44, 63, 62, 47, 84], [0, 49, 68, 83, 57, 63, 76, 55], [0, 80, 87, 30, 85]]
60
3
375.03000000000003
[]
[[0], [0, 0, 68, 149, 208, 293, 374, 431, 496, 573], [0, 20, 70, 139, 186, 264, 332, 365, 453, 524, 631, 664, 705, 795, 848], [0, 0, 56, 126, 164, 228, 298, 379], [0, 0, 57]]
[[0], [0, 68, 81, 59, 85, 61, 57, 65, 77, 80], [0, 50, 69, 47, 78, 68, 33, 88, 71, 87, 33, 41, 90, 53, 48], [0, 36, 70, 38, 64, 50, 81, 60], [0, 57, 33]]
60
3
327.87999999999994
[(4, 1)]
[[0], [0, 0, 65, 107, 167, 249, 359, 415], [0, 0, 90, 155, 241, 305, 362, 420, 503, 576, 632, 708, 780, 829], [0, 0, 64, 132, 169, 250, 280, 350, 387, 459], [0, 0, 72, 102, 179]]
[[0], [0, 65, 42, 60, 82, 90, 56, 61], [0, 90, 65, 86, 64, 57, 58, 83, 53, 56, 76, 72, 49, 42], [0, 64, 48, 37, 81, 30, 70, 37, 72, 48], [0, 52, 30, 57, 73]]
60
3
293.55
[]
[[0], [0, 0, 47, 81, 158, 202, 280, 352, 426, 505, 586, 648, 731], [0, 0, 46, 97, 185, 226, 289, 320, 395, 435, 488], [0, 0, 101, 176, 263, 358], [0, 0, 34, 112, 151, 208, 238, 274, 356, 412, 498, 576]]
[[0], [0, 47, 34, 57, 44, 78, 72, 74, 79, 81, 42, 83, 41], [0, 46, 51, 68, 41, 63, 31, 75, 40, 53, 87], [0, 81, 55, 67, 75, 80], [0, 34, 78, 39, 57, 30, 36, 82, 56, 86, 78, 83]]
60
3
363.65
[(3, 2)]
[[0], [0, 20, 55, 109, 182, 270, 326, 411, 470, 550, 633, 741, 808, 845, 924], [0, 20, 61, 116, 221, 289, 374, 436], [0, 0, 57, 120, 192], [0, 20, 72, 132, 191, 273, 335, 399, 483, 582, 629, 681, 739, 776]]
[[0], [0, 35, 34, 73, 68, 36, 85, 59, 80, 63, 88, 67, 37, 79, 54], [0, 41, 55, 85, 68, 65, 42, 90], [0, 57, 63, 72, 55], [0, 52, 60, 59, 82, 62, 64, 84, 79, 47, 52, 38, 37, 31]]
60
3
322.8999999999999
[(1, 1)]
[[0], [0, 0, 67, 169, 211, 265, 352, 386, 466, 551, 611, 703, 739], [0, 20, 88], [0, 0, 88, 173, 246, 299, 344, 378, 440, 495, 568, 647], [0, 0, 86, 124, 201, 257, 304, 365, 399, 471, 551, 588]]
[[0], [0, 67, 82, 42, 54, 87, 34, 60, 85, 40, 72, 36, 44], [0, 68, 73], [0, 88, 65, 53, 53, 45, 34, 42, 35, 73, 79, 63], [0, 86, 38, 57, 56, 47, 61, 34, 72, 80, 37, 55]]
60
3
321.1499999999999
[(3, 3)]
[[0], [0, 0, 59, 146, 229, 289, 322, 362, 451, 499, 559, 669, 778, 862, 912], [0, 20, 77, 182, 244, 307, 344, 403], [0, 0, 58, 132, 220, 303, 385, 465, 528], [0, 0, 82, 124, 176, 250, 330]]
[[0], [0, 39, 87, 63, 60, 33, 40, 89, 48, 60, 90, 89, 84, 30, 71], [0, 57, 85, 62, 63, 37, 39, 59], [0, 58, 74, 88, 83, 62, 60, 63, 37], [0, 62, 42, 52, 74, 80, 61]]
60
3
309.81000000000006
[(1, 2), (3, 6)]
[[0], [0, 0, 43, 96, 162, 268, 319, 405, 486, 519], [0, 0, 60, 119, 176, 251, 328, 382, 469, 521, 611], [0, 0, 79, 167, 198, 249, 350, 424, 525, 581, 641, 676, 732, 780], [0, 0, 61, 109, 200, 252, 296, 347, 381, 454]]
[[0], [0, 43, 53, 66, 86, 31, 86, 81, 33, 41], [0, 60, 59, 57, 75, 77, 54, 87, 52, 90, 59], [0, 59, 88, 31, 51, 81, 74, 81, 56, 60, 35, 56, 48, 48], [0, 61, 48, 71, 52, 44, 51, 34, 53, 72]]
60
3
264.58
[(1, 4)]
[[0], [0, 0, 72, 128, 191, 252], [0, 0, 48, 123, 186], [0, 0, 67, 135, 245, 304, 354, 438, 528, 584, 649], [0, 20, 93, 167, 205, 271, 312, 378, 427, 463, 532, 613, 690, 731, 781]]
[[0], [0, 52, 56, 63, 61, 79], [0, 48, 75, 63, 34], [0, 67, 48, 90, 59, 50, 64, 70, 56, 45, 67], [0, 53, 54, 38, 66, 41, 66, 49, 36, 69, 81, 77, 41, 50, 57]]
60
3
237.77999999999994
[(3, 3), (4, 1)]
[[0], [0, 0, 87, 131, 179, 239, 323, 374], [0, 20, 102, 184, 238, 268, 311], [0, 0, 93, 162, 212, 277, 357, 445, 510, 550], [0, 0, 64, 116, 196, 285, 316]]
[[0], [0, 67, 44, 48, 60, 84, 51, 73], [0, 82, 82, 54, 30, 43, 37], [0, 73, 49, 30, 65, 80, 88, 45, 40, 69], [0, 64, 52, 80, 89, 31, 73]]
60
3
190.18
[(3, 2)]
[[0], [0, 20, 79, 187, 296, 372, 414, 501, 566, 645, 714, 772, 802, 879, 918, 956], [0, 0, 81, 154, 188, 241, 302, 397, 473], [0, 0, 82, 130, 189, 256, 343, 425, 490, 524, 614, 698, 802, 887], [0, 20, 62, 96]]
[[0], [0, 59, 88, 89, 76, 42, 87, 65, 79, 69, 58, 30, 57, 39, 38, 46], [0, 61, 73, 34, 53, 41, 75, 56, 59], [0, 82, 48, 59, 67, 87, 82, 45, 34, 70, 84, 84, 85, 52], [0, 42, 34, 88]]
60
3
280.34000000000003
[(1, 3), (2, 8)]
[[0], [0, 0, 32, 111, 199, 265, 315, 357, 441, 531, 625, 707, 787], [0, 0, 86, 157, 229, 261, 293, 328, 362, 453, 529], [0, 20, 106, 182, 240, 323, 389, 437, 511, 569, 648, 707, 770, 800, 858, 912], [0, 0, 85, 163, 262, 300, 334, 376, 451, 496, 589, 667, 723]]
[[0], [0, 32, 59, 68, 66, 50, 42, 84, 90, 74, 62, 60, 59], [0, 86, 71, 72, 32, 32, 35, 34, 71, 76, 84], [0, 86, 76, 38, 83, 66, 48, 74, 38, 59, 39, 63, 30, 38, 54, 90], [0, 65, 78, 79, 38, 34, 42, 55, 45, 73, 58, 56, 47]]
60
3
324.31999999999977
[(1, 3), (3, 1)]
[[0], [0, 0, 106, 162, 249, 309, 380, 477, 524, 590, 647, 733, 780, 888, 973], [0, 0, 52, 105, 143, 217, 286, 376, 419, 464, 528, 597, 673], [0, 0, 64, 122, 182, 240, 324, 406, 459, 531, 597], [0, 20, 51, 95, 169, 225, 289, 376, 420, 507, 564, 625, 656, 738, 798]]
[[0], [0, 86, 56, 87, 60, 71, 77, 47, 66, 57, 86, 47, 88, 65, 69], [0, 52, 53, 38, 54, 49, 90, 43, 45, 64, 69, 76, 83], [0, 44, 58, 40, 58, 84, 62, 33, 72, 66, 46], [0, 31, 44, 74, 56, 44, 67, 44, 67, 57, 61, 31, 82, 40, 52]]
60
3
346.58
[(3, 2), (4, 6)]
[[0], [0, 0, 36, 108, 180, 289, 348, 410, 453, 538, 613, 681, 745, 813, 875, 937], [0, 0, 54, 105, 143, 183, 258, 301, 366, 417, 474, 525, 607], [0, 0, 55, 146, 218, 289, 321, 388, 452, 495, 578, 643, 719], [0, 0, 107, 155, 198, 284, 329, 385, 475, 557, 610, 668, 714, 785, 847, 912]]
[[0], [0, 36, 72, 72, 89, 39, 62, 43, 85, 75, 68, 44, 68, 42, 62, 71], [0, 54, 51, 38, 40, 75, 43, 65, 31, 57, 31, 62, 35], [0, 55, 71, 72, 71, 32, 47, 64, 43, 83, 65, 76, 34], [0, 87, 48, 43, 86, 45, 56, 90, 82, 53, 38, 46, 71, 62, 65, 76]]
60
3
436.86000000000007
[(1, 5), (3, 12)]
[[0], [0, 20, 110, 151, 220, 293, 366], [0, 20, 110, 192, 250, 296, 382, 469, 542, 588, 640, 715, 756, 800, 879, 962], [0, 0, 86, 123, 179, 251], [0, 0, 74, 128, 208, 294, 336, 410, 459, 530]]
[[0], [0, 90, 41, 69, 73, 53, 66], [0, 90, 62, 58, 46, 86, 87, 53, 46, 52, 75, 41, 44, 79, 63, 72], [0, 66, 37, 56, 52, 46], [0, 74, 54, 80, 86, 42, 54, 49, 51, 43]]
60
3
270.17
[(2, 1)]
[[0], [0, 20, 62, 141, 215, 267, 329, 384, 423, 519, 591, 646], [0, 0, 79, 166, 229, 279], [0, 0, 66, 114, 160, 193, 278, 368, 451, 511, 562, 607], [0, 20, 97, 179, 227, 265, 335, 395, 452, 511, 582, 670, 778, 841]]
[[0], [0, 42, 59, 54, 52, 62, 55, 39, 76, 72, 55, 90], [0, 79, 87, 43, 30, 81], [0, 66, 48, 46, 33, 85, 90, 63, 60, 51, 45, 46], [0, 77, 82, 48, 38, 70, 40, 57, 59, 71, 88, 88, 63, 57]]
60
3
312.28999999999996
[]
[[0], [0, 0, 72, 149, 221, 307, 377, 413], [0, 20, 99, 184, 282, 336, 412, 477, 530, 581, 658, 691, 744], [0, 0, 102, 178, 254, 297, 355, 415, 478, 530, 590, 669, 724, 813], [0, 20, 77, 114, 199, 233, 308, 340]]
[[0], [0, 52, 77, 72, 66, 70, 36, 85], [0, 59, 85, 78, 34, 56, 65, 53, 51, 77, 33, 53, 32], [0, 82, 76, 76, 43, 38, 60, 43, 52, 40, 59, 55, 89, 64], [0, 57, 37, 85, 34, 55, 32, 47]]
60
3
303.19999999999993
[(2, 1), (3, 5)]
[[0], [0, 0, 35, 81, 117, 187, 243, 304, 351, 420, 505, 592], [0, 0, 103, 188], [0, 0, 62, 113, 216, 307, 386, 439, 521, 593, 643, 680, 762, 811, 897, 992], [0, 0, 76, 157, 205, 287, 376, 414]]
[[0], [0, 35, 46, 36, 70, 36, 61, 47, 69, 85, 67, 41], [0, 83, 85, 63], [0, 62, 51, 83, 71, 79, 53, 62, 72, 50, 37, 82, 49, 86, 75, 80], [0, 56, 61, 48, 82, 89, 38, 48]]
60
3
310.41
[(3, 4), (4, 2)]
[[0], [0, 0, 51, 132, 207, 242, 295, 334, 424, 511], [0, 20, 71, 120, 227, 298, 362, 411, 468, 504, 558, 641, 671, 742, 815], [0, 20, 83, 135, 178, 261, 339, 416, 505, 551, 632, 684, 774, 853], [0, 0, 71, 150, 235, 298, 382, 465, 503, 576, 661, 729]]
[[0], [0, 51, 81, 75, 35, 33, 39, 70, 67, 59], [0, 51, 49, 87, 71, 44, 49, 57, 36, 54, 83, 30, 71, 73, 78], [0, 43, 52, 43, 83, 78, 77, 69, 46, 81, 52, 90, 79, 42], [0, 71, 79, 85, 63, 84, 83, 38, 73, 85, 68, 67]]
60
3
335.8599999999999
[(1, 6), (3, 1), (4, 11)]
[[0], [0, 0, 94, 131, 196, 248, 335, 376, 473, 542], [0, 0, 69, 118, 184, 227, 307, 381, 466, 536, 625, 683, 730, 804], [0, 0, 78], [0, 20, 81, 155, 207, 261]]
[[0], [0, 74, 37, 65, 52, 87, 41, 77, 69, 80], [0, 49, 49, 46, 43, 80, 74, 85, 70, 69, 58, 47, 74, 51], [0, 78, 63], [0, 61, 54, 52, 34, 49]]
60
3
241.24000000000007
[(2, 2)]
[[0], [0, 20, 73, 121, 199, 253, 304, 346, 434, 480, 537, 598, 643, 745, 811, 853], [0, 0, 83, 138, 226, 307, 348, 389, 455, 541, 650, 738, 813, 871, 915], [0, 0, 73, 124, 208, 247, 338, 388, 429], [0, 20, 102, 193, 259, 316, 404, 470, 543, 599, 660, 732, 792, 857, 926]]
[[0], [0, 53, 48, 78, 54, 51, 42, 68, 46, 57, 61, 45, 82, 66, 42, 74], [0, 83, 55, 88, 81, 41, 41, 66, 86, 89, 88, 75, 58, 44, 82], [0, 73, 51, 84, 39, 71, 50, 41, 62], [0, 82, 71, 66, 57, 68, 46, 53, 56, 41, 52, 40, 65, 69, 69]]
60
3
395.23
[(4, 6)]
[[0], [0, 0, 80, 158, 235, 302], [0, 0, 51, 133, 201, 264, 354], [0, 20, 95, 202, 289, 361, 391, 455, 550, 583, 665, 707], [0, 0, 38, 95, 144, 205, 268, 348, 387, 418, 508, 576]]
[[0], [0, 60, 78, 77, 47, 64], [0, 31, 82, 68, 63, 90, 32], [0, 55, 87, 87, 72, 30, 44, 75, 33, 82, 42, 31], [0, 38, 57, 49, 61, 63, 80, 39, 31, 90, 68, 45]]
60
3
265.18
[(3, 1)]
[[0], [0, 0, 57], [0, 20, 84, 132, 214, 318, 357, 432, 515, 615, 674, 763, 832, 888, 984, 1046], [0, 20, 73, 158, 210, 297], [0, 0, 46, 93]]
[[0], [0, 57, 64], [0, 64, 48, 82, 84, 39, 55, 83, 80, 59, 89, 49, 36, 76, 62, 34], [0, 33, 85, 52, 87, 90], [0, 46, 47, 31]]
60
3
208.32999999999993
[(2, 5), (3, 1)]
