[[0], [0, 0, 31, 66], [0, 0, 34, 98, 132, 215, 303, 376, 445, 523, 601, 674, 746], [0, 20, 58, 115, 174, 231, 317, 364, 403, 484, 559, 628, 703], [0, 0, 75]]
[[0], [0, 31, 35, 72], [0, 34, 64, 34, 63, 88, 53, 69, 78, 78, 73, 72, 87], [0, 38, 37, 59, 57, 66, 47, 39, 81, 75, 49, 75, 52], [0, 75, 64]]
60
1
217.98999999999995
[(1, 3), (2, 5)]
[[0], [0, 0, 73, 117, 169, 268], [0, 20, 81, 139, 221, 308, 369, 400, 496, 558, 597, 663], [0, 0, 57, 111, 144, 209, 270, 356, 417, 482, 552, 634, 693, 751, 803, 880], [0, 0, 106, 166, 244, 326, 363, 429, 500, 537, 570, 636, 706, 767]]
[[0], [0, 73, 44, 52, 79, 83], [0, 61, 58, 62, 87, 61, 31, 76, 62, 39, 46, 52], [0, 57, 54, 33, 45, 61, 86, 41, 65, 70, 62, 59, 58, 52, 77, 59], [0, 86, 40, 58, 82, 37, 66, 71, 37, 33, 66, 50, 61, 38]]
60
1
337.02
[(2, 1), (4, 2)]
[[0], [0, 0, 52, 112, 187, 238, 282, 344, 374, 420, 509, 573, 641, 687, 784, 822], [0, 0, 47], [0, 0, 52, 108, 194, 235, 269, 358, 411, 479, 560, 593, 670, 749], [0, 0, 86, 155, 240, 309]]
[[0], [0, 52, 60, 55, 31, 44, 62, 30, 46, 89, 64, 68, 46, 77, 38, 31], [0, 47, 46], [0, 52, 56, 86, 41, 34, 89, 53, 68, 81, 33, 77, 79, 70], [0, 66, 69, 85, 69, 55]]
60
1
309.51
[(1, 4)]
[[0], [0, 20, 64, 165, 235, 318, 379, 451, 537, 584, 670, 700, 760, 838, 918, 998], [0, 0, 53, 100, 184], [0, 0, 65, 121, 165, 224, 306, 359], [0, 20, 123, 166, 202, 235, 275, 362, 433, 516, 583, 639, 709, 811, 891]]
[[0], [0, 44, 81, 50, 83, 41, 72, 86, 47, 66, 30, 60, 78, 80, 80, 46], [0, 53, 47, 84, 58], [0, 45, 36, 44, 39, 82, 53, 70], [0, 83, 43, 36, 33, 40, 87, 71, 83, 67, 56, 70, 82, 80, 30]]
60
1
255.2
[(1, 3), (4, 1)]
[[0], [0, 0, 101, 178, 260, 338], [0, 20, 120, 162, 201, 233, 289], [0, 20, 82, 178, 209, 291, 359, 412, 487, 525], [0, 0, 64, 143, 224]]
[[0], [0, 81, 77, 62, 78, 80], [0, 80, 42, 39, 32, 36, 33], [0, 42, 76, 31, 82, 68, 53, 75, 38, 70], [0, 64, 79, 81, 80]]
60
1
204.52999999999997
[(1, 2), (3, 1)]
[[0], [0, 20, 89, 151, 232, 303, 391, 460], [0, 0, 64, 154, 240, 283, 340, 399, 461, 531, 567], [0, 0, 73, 141, 218, 277, 322], [0, 0, 60, 118, 208, 256, 298, 384, 438, 475, 520, 609, 698, 770, 846, 889]]
[[0], [0, 69, 42, 81, 71, 88, 69, 64], [0, 44, 90, 86, 43, 57, 59, 42, 70, 36, 86], [0, 53, 48, 77, 59, 45, 77], [0, 60, 58, 70, 48, 42, 86, 34, 37, 45, 69, 69, 72, 76, 43, 75]]
60
1
271.53000000000003
[(4, 11)]
[[0], [0, 20, 107, 160], [0, 20, 71, 123], [0, 0, 75, 127, 204, 234, 290], [0, 0, 68, 125, 193, 291, 385, 420, 515, 554, 629, 727, 776, 823, 923]]
[[0], [0, 87, 33, 76], [0, 31, 52, 64], [0, 75, 32, 77, 30, 56, 34], [0, 68, 57, 48, 78, 74, 35, 75, 39, 75, 78, 49, 47, 80, 74]]
60
1
180.35000000000002
[(2, 1), (4, 4)]
[[0], [0, 20, 95, 140, 209, 257, 344, 410, 517, 595], [0, 0, 86, 150, 185, 246, 324, 364, 474], [0, 0, 40, 129, 203, 284, 354, 432, 487], [0, 20, 58, 143, 223, 254]]
[[0], [0, 75, 45, 69, 48, 87, 66, 87, 78, 46], [0, 86, 44, 35, 41, 78, 40, 90, 69], [0, 40, 89, 74, 81, 70, 78, 35, 60], [0, 38, 85, 80, 31, 50]]
60
1
225.97999999999996
[(2, 8)]
[[0], [0, 0, 30, 92, 137, 216, 267, 308, 387, 435, 524, 588], [0, 20, 73, 119, 179, 255, 312, 401, 472, 537, 594, 671, 747, 824], [0, 0, 81, 150, 195, 271], [0, 0, 38, 110, 161, 268, 333, 395, 442, 520, 557, 631, 665, 706, 815]]
[[0], [0, 30, 62, 45, 79, 51, 41, 79, 48, 89, 64, 36], [0, 53, 46, 40, 76, 57, 89, 71, 65, 57, 77, 76, 77, 79], [0, 61, 69, 45, 76, 84], [0, 38, 72, 31, 87, 65, 62, 47, 78, 37, 54, 34, 41, 89, 85]]
60
1
342.74
[(2, 1), (4, 4)]
[[0], [0, 0, 74, 158, 226, 314, 367, 437, 472, 556, 600, 687], [0, 0, 47, 87, 164, 226, 312, 396, 453, 515], [0, 0, 81, 182, 232], [0, 0, 67, 157, 232, 312, 367, 399]]
[[0], [0, 74, 64, 68, 88, 33, 50, 35, 84, 44, 67, 81], [0, 47, 40, 77, 62, 86, 84, 57, 42, 55], [0, 81, 81, 30, 68], [0, 47, 90, 75, 80, 35, 32, 62]]
60
1
330.24999999999994
[(1, 6)]
[[0], [0, 20, 100, 156], [0, 20, 101, 159, 196, 303, 371, 438, 509, 585, 633, 675, 745, 835, 872, 955], [0, 0, 82, 148, 228, 301, 360, 401, 474, 513, 558, 630, 689, 791, 888, 943], [0, 0, 107, 194, 265, 296, 367, 450, 492]]
[[0], [0, 60, 56, 68], [0, 81, 58, 37, 87, 68, 67, 71, 76, 48, 42, 50, 90, 37, 63, 53], [0, 82, 46, 80, 53, 59, 41, 73, 39, 45, 72, 59, 82, 77, 35, 85], [0, 87, 67, 71, 31, 71, 63, 42, 55]]
60
1
367.76999999999987
[(2, 1), (3, 3)]
[[0], [0, 20, 96, 179, 255, 333, 422, 471, 562, 627, 686, 754, 788, 839, 892], [0, 20, 118, 160, 215, 272, 361, 427, 487, 557], [0, 0, 59, 113, 181, 232, 281, 369, 460, 521, 583, 667, 762, 842, 906, 966], [0, 0, 52, 83, 124, 166]]
[[0], [0, 76, 63, 76, 78, 89, 49, 71, 65, 59, 68, 34, 51, 53, 67], [0, 78, 42, 55, 57, 89, 66, 40, 50, 83], [0, 39, 54, 68, 51, 49, 88, 71, 61, 62, 84, 75, 80, 44, 60, 56], [0, 52, 31, 41, 42, 84]]
60
1
428.39
[(1, 1), (3, 8)]
[[0], [0, 0, 68, 152, 232, 332, 407, 452, 543], [0, 0, 40, 102, 178], [0, 20, 60, 91, 129, 231, 263, 310, 396, 483, 525, 609], [0, 0, 103, 176, 263]]
[[0], [0, 68, 84, 60, 80, 75, 45, 71, 62], [0, 40, 62, 76, 71], [0, 40, 31, 38, 82, 32, 47, 66, 87, 42, 84, 63], [0, 83, 73, 87, 41]]
60
1
256.75
[]
[[0], [0, 0, 82, 160, 216, 281, 324, 406], [0, 0, 89, 144, 187, 248, 314, 391, 442, 516, 600, 671, 740, 799, 855, 933], [0, 0, 106, 183, 229, 286, 374, 434, 483, 560], [0, 0, 57]]
[[0], [0, 82, 78, 36, 65, 43, 62, 30], [0, 69, 55, 43, 61, 66, 57, 51, 74, 84, 71, 69, 59, 56, 58, 55], [0, 86, 77, 46, 57, 88, 60, 49, 77, 61], [0, 57, 58]]
60
1
322.50000000000006
[(2, 2)]
[[0], [0, 0, 50, 113, 203, 244, 310, 398, 448, 486, 574, 670, 700, 772, 832], [0, 0, 44, 122, 181, 257, 307], [0, 0, 96, 169, 233, 303, 377, 430, 514, 574, 612, 658, 726], [0, 0, 105, 148, 223, 253, 293, 368, 438, 472]]
[[0], [0, 30, 43, 90, 41, 66, 88, 30, 38, 68, 76, 30, 72, 40, 54], [0, 44, 78, 39, 76, 50, 81], [0, 76, 53, 64, 50, 54, 53, 64, 60, 38, 46, 68, 85], [0, 85, 43, 75, 30, 40, 75, 50, 34, 43]]
60
1
272.45
[(1, 2), (3, 5)]
[[0], [0, 20, 82, 129, 218, 297, 392, 440, 528, 629, 715], [0, 0, 45, 84, 114, 195], [0, 0, 78, 143], [0, 0, 48]]
[[0], [0, 62, 47, 89, 79, 75, 48, 88, 81, 86, 42], [0, 45, 39, 30, 81, 72], [0, 78, 65, 34], [0, 48, 78]]
60
1
199.26999999999998
[]
[[0], [0, 20, 52, 154, 201, 282, 329], [0, 0, 66, 114, 196, 285], [0, 20, 79, 129, 197, 275, 363, 452, 519, 593, 671, 721, 806, 874, 919, 962], [0, 20, 95, 178, 227, 275, 384, 441, 528, 561, 632, 732, 805]]
[[0], [0, 32, 82, 47, 81, 47, 61], [0, 46, 48, 62, 89, 51], [0, 59, 50, 68, 78, 68, 89, 67, 74, 78, 50, 65, 68, 45, 43, 81], [0, 55, 83, 49, 48, 89, 37, 87, 33, 71, 80, 73, 43]]
60
1
261.78999999999996
[(2, 5), (4, 1)]
[[0], [0, 0, 46, 98, 177, 256, 290, 359, 435, 490, 587, 659, 733, 827, 886], [0, 20, 101, 181, 248, 352, 447, 531, 599, 671, 711, 749, 825, 913, 984], [0, 0, 66, 155, 189, 271, 329, 411], [0, 0, 72, 129, 207, 249, 300, 389, 467, 541, 620, 701, 748, 799]]
[[0], [0, 46, 52, 59, 79, 34, 69, 56, 35, 77, 52, 74, 74, 59, 83], [0, 81, 80, 47, 84, 75, 64, 68, 72, 40, 38, 76, 88, 71, 38], [0, 66, 89, 34, 82, 58, 82, 30], [0, 72, 57, 58, 42, 51, 89, 78, 54, 79, 61, 47, 51, 55]]
60
1
366.05000000000007
[(1, 7), (2, 4)]
[[0], [0, 0, 55, 134, 227, 312, 397], [0, 0, 88, 127, 231, 323, 354], [0, 0, 41, 78, 149, 181, 248], [0, 20, 50, 148, 226, 315, 384, 462, 493, 573, 634, 720, 771, 839]]
[[0], [0, 35, 79, 73, 85, 65, 64], [0, 68, 39, 84, 72, 31, 83], [0, 41, 37, 71, 32, 67, 52], [0, 30, 78, 78, 89, 69, 78, 31, 60, 61, 86, 51, 68, 53]]
60
1
273.3400000000001
[(2, 4)]
[[0], [0, 20, 77, 131, 210, 263, 318, 396, 471, 540, 624], [0, 20, 95, 163], [0, 0, 70, 161, 262, 347, 435, 509, 559, 632, 713], [0, 0, 72, 136, 190, 251, 340]]
[[0], [0, 57, 54, 79, 53, 55, 78, 75, 69, 84, 87], [0, 75, 68, 73], [0, 50, 71, 81, 85, 68, 74, 50, 73, 81, 69], [0, 72, 44, 34, 61, 89, 35]]
60
1
218.44
[(3, 2)]
[[0], [0, 20, 100, 133, 230, 291, 364, 444, 516, 571, 644, 706], [0, 0, 51, 107, 162, 235, 300, 357, 444, 522, 560, 603, 668, 728, 803], [0, 20, 66, 167, 227, 266, 315, 371, 414, 486, 594, 660, 729], [0, 0, 84, 148, 182]]
[[0], [0, 80, 33, 77, 61, 53, 80, 52, 55, 73, 62, 67], [0, 51, 56, 55, 73, 65, 57, 87, 78, 38, 43, 45, 60, 75, 43], [0, 46, 81, 60, 39, 49, 56, 43, 52, 88, 46, 69, 70], [0, 84, 64, 34, 76]]
60
1
348.5499999999999
[(1, 11), (3, 1)]
[[0], [0, 20, 71, 153, 244, 334, 416, 456, 501, 562, 641, 714], [0, 0, 101, 162, 251, 314, 386, 487, 572, 630], [0, 0, 51, 97, 189, 244, 306, 360, 458, 493, 556, 592, 642], [0, 0, 105, 180, 250, 349, 429, 533, 608, 664, 729, 814]]
[[0], [0, 51, 82, 71, 90, 62, 40, 45, 41, 79, 73, 73], [0, 81, 61, 89, 63, 72, 81, 65, 38, 74], [0, 51, 46, 72, 55, 62, 34, 78, 35, 43, 36, 30, 64], [0, 85, 55, 70, 79, 60, 84, 75, 56, 65, 85, 75]]
60
1
371.95000000000005
[(1, 4), (2, 7), (4, 2)]
[[0], [0, 0, 43, 93, 156, 230, 291], [0, 20, 86, 143, 219, 299, 346, 398], [0, 20, 110, 183, 269, 346], [0, 0, 54]]
[[0], [0, 43, 50, 63, 54, 61, 87], [0, 66, 57, 76, 80, 47, 52, 87], [0, 90, 73, 86, 77, 37], [0, 54, 51]]
60
1
167.17999999999998
[(3, 5)]
[[0], [0, 0, 81, 171, 209, 283, 357, 419, 474, 530, 587, 663, 745], [0, 20, 110, 184, 262, 307, 354, 403, 454, 526, 608, 680, 731, 768, 840, 889], [0, 0, 87, 118, 199], [0, 0, 67, 147]]
[[0], [0, 81, 90, 38, 54, 74, 62, 55, 36, 57, 76, 82, 37], [0, 90, 54, 78, 45, 47, 49, 51, 72, 62, 72, 51, 37, 72, 49, 64], [0, 87, 31, 61, 67], [0, 67, 80, 71]]
60
1
316.32
[(2, 1)]
[[0], [0, 20, 97, 164, 210], [0, 0, 31, 71, 160, 224, 326, 387, 441, 545, 632, 662], [0, 20, 90, 183, 231, 300, 372, 413, 484, 572, 640, 671], [0, 0, 61, 140, 197, 228, 307, 360, 440, 499]]
[[0], [0, 57, 67, 46, 86], [0, 31, 40, 89, 64, 82, 61, 54, 84, 87, 30, 58], [0, 50, 73, 48, 49, 72, 41, 51, 88, 68, 31, 48], [0, 61, 79, 37, 31, 59, 53, 60, 59, 43]]
60
1
253.61000000000004
[(3, 1)]
[[0], [0, 0, 88, 155, 239, 285, 381, 437], [0, 0, 43, 119, 205, 292, 350, 406, 461, 508, 583, 671], [0, 0, 60, 111, 145, 175, 256, 299, 364, 436], [0, 0, 103, 181, 225, 296, 336, 391, 432, 477, 549, 623, 711, 783]]
[[0], [0, 68, 47, 64, 46, 76, 56, 30], [0, 43, 76, 86, 87, 58, 56, 55, 47, 75, 68, 37], [0, 60, 51, 34, 30, 81, 43, 45, 72, 85], [0, 83, 78, 44, 71, 40, 55, 41, 45, 72, 74, 88, 72, 43]]
60
1
358.95000000000005
[(1, 2)]
[[0], [0, 0, 31, 64, 145], [0, 0, 56, 118, 219], [0, 20, 74, 116, 196, 285, 337, 421, 526, 589, 620], [0, 20, 119]]
[[0], [0, 31, 33, 81, 74], [0, 36, 62, 81, 73], [0, 34, 42, 80, 89, 52, 84, 85, 63, 31, 45], [0, 79, 41]]
60
1
131.13
[(1, 4), (3, 1)]
[[0], [0, 0, 60, 95, 137, 187, 290, 330, 360, 445, 501, 584, 642, 705, 740, 786], [0, 20, 68, 155, 212, 255, 338, 371, 405, 508, 580, 635, 680], [0, 0, 38, 135, 180, 217, 302, 356, 434, 520, 621, 700], [0, 0, 30]]
[[0], [0, 40, 35, 42, 50, 83, 40, 30, 85, 56, 83, 58, 43, 35, 46, 34], [0, 48, 87, 57, 43, 83, 33, 34, 83, 72, 55, 45, 62], [0, 38, 77, 45, 37, 85, 54, 78, 66, 81, 79, 46], [0, 30, 36]]
60
1
330.1600000000001
[(1, 2), (4, 1)]
[[0], [0, 0, 74, 111, 175, 208, 287, 370, 424, 477, 562], [0, 20, 50, 138, 214, 301, 369, 463, 511], [0, 0, 40, 78, 134, 181, 290, 329, 386, 455, 523], [0, 0, 61, 107, 182, 282, 372, 462, 545, 590, 678, 755, 793]]
[[0], [0, 74, 37, 64, 33, 59, 83, 34, 53, 85, 79], [0, 30, 88, 76, 67, 68, 74, 48, 61], [0, 40, 38, 56, 47, 89, 39, 37, 49, 68, 53], [0, 61, 46, 75, 80, 70, 90, 83, 45, 88, 77, 38, 32]]
60
1
279.75
[(4, 5)]
[[0], [0, 0, 66, 149, 213, 258, 333, 418, 452], [0, 0, 69, 131, 189, 266, 307, 385, 444, 510, 591, 633, 666, 740], [0, 20, 67, 152, 229, 308, 406, 457, 498, 577, 629, 686], [0, 20, 53, 132, 212, 260, 308, 360, 459, 505, 600, 663, 725, 791, 832]]
[[0], [0, 46, 83, 44, 45, 75, 65, 34, 82], [0, 49, 42, 38, 77, 41, 78, 59, 66, 81, 42, 33, 74, 71], [0, 47, 65, 77, 79, 78, 51, 41, 59, 52, 37, 87], [0, 33, 79, 80, 48, 48, 52, 79, 46, 75, 63, 62, 46, 41, 38]]
60
1
335.37
[(2, 2), (4, 8)]
