[[0], [0, 0, 79, 128, 178, 216], [0, 0, 73, 111, 172, 207, 291, 363, 432], [0, 0, 72, 146, 187], [0, 0, 78]]
[[0], [0, 79, 49, 50, 38, 46], [0, 73, 38, 41, 35, 64, 52, 69, 57], [0, 72, 74, 41, 88], [0, 78, 58]]
60
8
198.52
[]
[[0], [0, 0, 78, 161, 213], [0, 0, 70, 148, 192, 283, 319, 398, 455, 529, 567], [0, 0, 32, 121, 183, 273, 354, 394, 445, 499], [0, 20, 67, 168, 272]]
[[0], [0, 78, 83, 52, 64], [0, 70, 78, 44, 71, 36, 79, 57, 54, 38, 50], [0, 32, 89, 62, 90, 81, 40, 51, 54, 57], [0, 47, 81, 84, 70]]
60
8
250.74000000000004
[(4, 4)]
[[0], [0, 0, 61], [0, 20, 60, 122, 210, 274, 358, 414], [0, 0, 39, 108, 181, 235, 288, 319, 362, 397, 450], [0, 0, 54, 101, 167, 243, 299, 382, 431, 463]]
[[0], [0, 61, 59], [0, 40, 62, 88, 64, 84, 56, 61], [0, 39, 69, 53, 54, 53, 31, 43, 35, 53, 74], [0, 54, 47, 66, 76, 56, 63, 49, 32, 52]]
60
8
193.76
[(3, 10)]
[[0], [0, 0, 33, 87, 158, 207, 268], [0, 0, 52, 135, 236, 289, 350, 401, 493, 554], [0, 0, 91, 176, 222, 329, 364, 398, 449, 528], [0, 0, 63, 114, 195, 292, 333, 420, 501, 553, 607, 649, 734, 814, 900, 967]]
[[0], [0, 33, 54, 71, 49, 61, 58], [0, 52, 83, 81, 53, 61, 51, 72, 61, 30], [0, 71, 85, 46, 87, 35, 34, 31, 59, 30], [0, 63, 51, 81, 77, 41, 67, 61, 52, 54, 42, 85, 60, 86, 67, 75]]
60
8
279.5999999999999
[(4, 5)]
[[0], [0, 0, 56, 125, 226, 290], [0, 0, 49, 149, 186, 276, 355, 419], [0, 0, 65, 149, 227, 294, 354, 434, 538, 582], [0, 0, 82, 168, 206, 274, 367, 477, 544, 606, 694, 755, 821, 893, 980]]
[[0], [0, 56, 69, 81, 64, 82], [0, 49, 80, 37, 90, 59, 44, 43], [0, 45, 84, 78, 67, 60, 80, 84, 44, 61], [0, 82, 86, 38, 68, 73, 90, 67, 62, 88, 61, 66, 72, 87, 65]]
60
8
310.8
[(4, 6)]
[[0], [0, 0, 45, 118, 224, 314, 382, 458, 567, 656, 719, 761, 846, 924], [0, 20, 86, 167, 255, 328], [0, 0, 63, 148, 198, 301], [0, 0, 91, 145, 211, 242, 286, 362, 442, 498, 562, 672]]
[[0], [0, 45, 73, 86, 90, 68, 56, 89, 89, 63, 42, 85, 58, 87], [0, 66, 61, 88, 73, 62], [0, 63, 85, 50, 83, 77], [0, 71, 54, 46, 31, 44, 76, 80, 56, 64, 90, 38]]
60
8
348.67999999999984
[(1, 7), (4, 2)]
[[0], [0, 0, 34, 110, 156, 193, 241], [0, 0, 52, 135], [0, 0, 49, 120, 206, 255, 305, 382, 423, 463, 505, 561, 617, 686, 760, 826], [0, 0, 53, 127, 191, 225]]
[[0], [0, 34, 76, 46, 37, 48, 42], [0, 32, 83, 88], [0, 49, 71, 86, 49, 50, 77, 41, 40, 42, 56, 36, 49, 74, 66, 69], [0, 53, 74, 64, 34, 89]]
60
8
218.6
[(4, 5)]
[[0], [0, 0, 39], [0, 0, 63, 94], [0, 0, 83, 136, 169, 245, 325, 368, 418, 460, 525, 618, 654], [0, 0, 66, 108, 143, 219, 278, 314, 371]]
[[0], [0, 39, 66], [0, 63, 31, 43], [0, 83, 53, 33, 76, 80, 43, 50, 42, 65, 73, 36, 48], [0, 66, 42, 35, 76, 39, 36, 57, 89]]
60
8
170.26999999999998
[]
[[0], [0, 0, 71], [0, 0, 70], [0, 20, 103, 178, 217, 253, 308, 366, 423, 488, 544, 631, 682, 722, 783, 844], [0, 0, 46, 125, 189, 223]]
[[0], [0, 51, 51], [0, 70, 60], [0, 83, 75, 39, 36, 55, 38, 57, 65, 56, 87, 31, 40, 41, 61, 57], [0, 46, 59, 64, 34, 69]]
60
8
187.07999999999998
[(1, 2)]
[[0], [0, 20, 114], [0, 0, 45, 144, 233, 263, 342, 423, 501, 535, 608, 655, 721, 779, 851, 888], [0, 0, 38, 113, 178, 229, 265], [0, 0, 66]]
[[0], [0, 74, 37], [0, 45, 79, 89, 30, 79, 61, 78, 34, 73, 47, 46, 58, 72, 37, 47], [0, 38, 75, 65, 51, 36, 61], [0, 66, 35]]
60
8
186.65999999999997
[(1, 2), (4, 2)]
[[0], [0, 0, 38, 121, 211, 255, 289, 365, 431, 462, 531, 590, 620], [0, 0, 51, 114, 149, 237, 286, 321, 395, 472, 525, 625, 706], [0, 0, 53, 118], [0, 0, 80, 118, 175, 227, 304, 407, 472, 547, 615, 646, 735, 806, 860, 945]]
[[0], [0, 38, 83, 90, 44, 34, 56, 66, 31, 69, 59, 30, 41], [0, 31, 63, 35, 68, 49, 35, 74, 77, 53, 80, 81, 57], [0, 33, 65, 45], [0, 80, 38, 57, 52, 77, 83, 65, 75, 68, 31, 89, 71, 54, 85, 62]]
60
8
376.67
[]
[[0], [0, 0, 68, 120, 183, 257, 322, 401, 462, 553, 641, 708, 773], [0, 0, 39], [0, 0, 63, 103, 189, 237, 285, 360, 406, 487, 542, 619, 692, 747], [0, 0, 84, 132]]
[[0], [0, 68, 52, 63, 74, 65, 79, 61, 71, 88, 67, 65, 40], [0, 39, 48], [0, 63, 40, 86, 48, 48, 75, 46, 61, 55, 77, 73, 55, 66], [0, 64, 48, 43]]
60
8
241.70999999999995
[(2, 2)]
[[0], [0, 0, 107, 158, 251, 317, 405, 476, 535, 594, 678, 741, 820], [0, 0, 87, 179, 237, 283, 346, 399, 479, 546, 578, 627, 720], [0, 0, 89, 184, 260, 325, 418, 462, 529, 577, 646, 720, 797, 849, 900], [0, 0, 65, 126, 206, 257, 313]]
[[0], [0, 87, 31, 73, 66, 68, 71, 59, 59, 84, 63, 59, 78], [0, 87, 72, 58, 46, 63, 53, 80, 67, 32, 49, 73, 41], [0, 89, 75, 76, 45, 73, 44, 67, 48, 69, 74, 77, 52, 51, 75], [0, 45, 61, 80, 51, 36, 37]]
60
8
356.51000000000005
[(1, 2), (3, 3)]
[[0], [0, 20, 65, 128, 179, 275, 312, 386], [0, 20, 55, 132, 204, 292, 326, 415, 465, 506, 541, 597, 680, 746], [0, 0, 69, 101, 162, 209, 281, 371, 437, 514, 582], [0, 0, 72, 175, 247, 277, 341, 428, 482, 571, 644]]
[[0], [0, 45, 63, 31, 76, 37, 74, 46], [0, 35, 77, 72, 88, 34, 89, 50, 41, 35, 56, 83, 66, 41], [0, 69, 32, 41, 47, 72, 90, 66, 77, 68, 77], [0, 72, 83, 52, 30, 64, 87, 54, 89, 53, 55]]
60
8
287.28000000000003
[(1, 7), (4, 3)]
[[0], [0, 0, 84, 158, 260, 347], [0, 0, 38, 142, 206, 282, 380], [0, 0, 61, 170], [0, 20, 124, 213, 273, 334, 369, 458, 521, 598, 679, 713, 787, 851, 914, 976]]
[[0], [0, 64, 74, 82, 87, 73], [0, 38, 84, 64, 56, 78, 50], [0, 41, 89, 43], [0, 84, 69, 60, 61, 35, 89, 63, 77, 81, 34, 74, 64, 63, 62, 37]]
60
8
220.82
[(4, 1)]
[[0], [0, 0, 87, 171], [0, 0, 51, 94], [0, 20, 78, 157, 207, 238, 285, 388, 438, 492, 545, 606, 654, 733], [0, 0, 89, 161, 207, 255, 311]]
[[0], [0, 87, 84, 75], [0, 51, 43, 33], [0, 58, 59, 50, 31, 47, 83, 30, 54, 33, 61, 48, 79, 69], [0, 69, 72, 46, 48, 56, 69]]
60
8
237.15999999999997
[(3, 1)]
[[0], [0, 0, 67, 107, 161, 241, 308, 362, 448, 513, 601, 664, 710, 784, 839], [0, 0, 89, 138, 181, 249, 316, 392, 440, 508, 579, 633, 716, 776, 835], [0, 0, 78, 111, 153, 207, 293, 354, 432, 479, 562], [0, 20, 86]]
[[0], [0, 47, 40, 54, 80, 67, 34, 66, 65, 88, 43, 46, 74, 55, 49], [0, 89, 49, 43, 68, 67, 56, 48, 68, 51, 54, 83, 60, 39, 76], [0, 78, 33, 42, 54, 86, 61, 78, 47, 83, 64], [0, 66, 76]]
60
8
314.63
[(1, 7), (2, 7)]
[[0], [0, 0, 60, 95, 165, 199, 263], [0, 20, 75, 115, 197, 282], [0, 0, 71, 180, 230, 319, 351, 395, 489, 522, 565, 610], [0, 20, 108, 177, 258, 345, 381, 433, 474, 555, 595, 642, 707, 776, 862, 916]]
[[0], [0, 60, 35, 70, 34, 44, 66], [0, 55, 40, 82, 85, 35], [0, 51, 89, 50, 89, 32, 44, 74, 33, 43, 45, 31], [0, 88, 49, 81, 67, 36, 52, 41, 81, 40, 47, 65, 69, 86, 54, 51]]
60
8
238.54
[(2, 5), (3, 2), (4, 1)]
[[0], [0, 0, 71], [0, 0, 78, 168, 228, 259, 313, 369, 459, 510, 545], [0, 0, 64, 97, 133], [0, 20, 102]]
[[0], [0, 71, 36], [0, 58, 90, 60, 31, 54, 36, 90, 51, 35, 69], [0, 44, 33, 36, 64], [0, 62, 43]]
60
8
133.48000000000002
[]
[[0], [0, 20, 62, 149, 182, 250, 284, 362, 450, 538, 570, 625, 707, 772], [0, 0, 62, 115, 183, 273, 342, 373, 457, 508, 592, 649, 700], [0, 0, 74, 132, 187, 267, 310, 394, 466, 541, 579, 664, 742, 803], [0, 0, 72, 134, 215, 325, 415, 449, 512, 604, 682, 752, 822, 907, 1004]]
[[0], [0, 42, 67, 33, 68, 34, 58, 88, 88, 32, 55, 82, 65, 34], [0, 62, 33, 68, 70, 69, 31, 64, 51, 64, 57, 51, 49], [0, 74, 58, 55, 80, 43, 84, 52, 75, 38, 85, 78, 41, 68], [0, 52, 62, 81, 90, 90, 34, 63, 72, 78, 70, 70, 85, 77, 35]]
60
8
451.36
[(2, 3)]
[[0], [0, 20, 53], [0, 0, 58, 110, 170, 256, 322, 429, 470, 536, 579, 659], [0, 0, 51, 130], [0, 0, 42]]
[[0], [0, 33, 81], [0, 58, 52, 60, 86, 66, 87, 41, 66, 43, 80, 85], [0, 51, 79, 82], [0, 42, 60]]
60
8
205.50000000000003
[]
[[0], [0, 0, 80, 113, 203, 270], [0, 0, 32, 95, 146, 228, 299, 360, 459, 524, 604, 663, 694], [0, 0, 76, 118], [0, 0, 84, 157, 202, 265, 309, 375, 455, 512, 546, 646, 690, 792, 875]]
[[0], [0, 60, 33, 90, 67, 83], [0, 32, 63, 31, 82, 51, 61, 79, 45, 80, 39, 31, 74], [0, 76, 42, 57], [0, 84, 73, 45, 63, 44, 66, 60, 57, 34, 80, 44, 82, 83, 82]]
60
8
294.7899999999999
[(2, 4)]
[[0], [0, 0, 78, 143, 190, 273], [0, 0, 72, 131, 213, 280, 359, 412, 483, 566, 635, 714, 804, 886], [0, 0, 76], [0, 20, 71, 140, 213, 254, 338, 373, 417, 461, 501, 569, 656]]
[[0], [0, 78, 65, 47, 83, 75], [0, 72, 59, 62, 67, 59, 53, 71, 83, 69, 79, 90, 82, 85], [0, 76, 71], [0, 51, 69, 53, 41, 64, 35, 44, 44, 40, 68, 87, 83]]
60
8
251.54000000000013
[(2, 4), (4, 1)]
[[0], [0, 0, 53, 115, 159, 244, 307], [0, 0, 102, 153, 206, 284, 342, 374, 412, 522, 608, 642], [0, 0, 72, 152, 209, 277, 312, 344, 431], [0, 0, 34, 113, 194]]
[[0], [0, 33, 42, 44, 85, 63, 68], [0, 82, 31, 53, 78, 38, 32, 38, 90, 86, 34, 79], [0, 72, 60, 57, 68, 35, 32, 67, 55], [0, 34, 79, 81, 82]]
60
8
202.26000000000005
[(2, 11)]
[[0], [0, 20, 77], [0, 0, 62, 118, 202, 281, 326, 432, 538, 608, 650, 744, 793], [0, 0, 53, 101], [0, 0, 82, 175, 245]]
[[0], [0, 57, 73], [0, 42, 36, 84, 79, 45, 86, 86, 70, 42, 74, 49, 90], [0, 53, 48, 56], [0, 62, 73, 70, 79]]
60
8
150.10000000000002
[(2, 2), (4, 4)]
[[0], [0, 0, 55, 133, 177, 258, 357, 415, 446, 486, 542, 605, 680, 725], [0, 0, 73, 131, 167], [0, 0, 31, 138, 204, 257, 311, 371, 417, 500, 564], [0, 0, 32, 87, 160, 258, 339, 369, 455, 519, 552, 638, 741]]
[[0], [0, 55, 78, 44, 61, 79, 38, 31, 40, 36, 63, 75, 45, 64], [0, 73, 58, 36, 78], [0, 31, 87, 46, 33, 54, 60, 46, 83, 64, 69], [0, 32, 55, 73, 78, 81, 30, 86, 64, 33, 86, 83, 51]]
60
8
259.9200000000001
[(1, 5), (3, 2)]
[[0], [0, 0, 51, 160, 246, 323, 395, 476, 523, 556, 589, 649, 708, 770, 846, 932], [0, 0, 75, 110], [0, 20, 82, 131, 161, 233, 276, 307], [0, 0, 103, 139, 180, 267, 348, 423, 472, 548, 606, 636]]
[[0], [0, 51, 89, 86, 77, 72, 81, 47, 33, 33, 60, 59, 42, 56, 86, 57], [0, 55, 35, 90], [0, 62, 49, 30, 72, 43, 31, 41], [0, 83, 36, 41, 87, 61, 55, 49, 56, 58, 30, 30]]
60
8
312.80999999999983
[(1, 13), (2, 2), (4, 6)]
[[0], [0, 0, 53, 134, 173, 225, 315, 370, 468, 519, 577, 622, 703, 764], [0, 20, 70, 126, 211, 284, 369, 464, 561], [0, 20, 55, 117, 175, 250, 352, 413, 482, 555, 611, 671, 724, 776, 861, 912], [0, 0, 66, 134, 188, 257, 344, 376, 412, 516, 588, 672, 704, 787, 883]]
[[0], [0, 53, 81, 39, 52, 90, 55, 78, 51, 58, 45, 81, 61, 86], [0, 50, 36, 85, 53, 65, 75, 77, 85], [0, 35, 62, 58, 75, 82, 61, 49, 73, 56, 60, 53, 52, 85, 51, 37], [0, 66, 48, 54, 69, 87, 32, 36, 84, 72, 84, 32, 63, 76, 64]]
60
8
373.24000000000007
[(2, 5), (3, 6), (4, 13)]
[[0], [0, 20, 57, 112, 151, 218, 304, 335, 397, 463], [0, 0, 94, 173, 248, 298, 368, 446, 528, 574, 642], [0, 0, 55, 114, 202, 284, 344, 379, 427], [0, 20, 54, 141, 227, 291, 345, 402, 506, 563, 649]]
[[0], [0, 37, 35, 39, 67, 86, 31, 62, 66, 89], [0, 74, 79, 75, 50, 70, 78, 82, 46, 68, 51], [0, 55, 59, 68, 62, 60, 35, 48, 90], [0, 34, 87, 86, 64, 54, 57, 84, 37, 86, 86]]
60
8
319.27
[(1, 1), (3, 4), (4, 8)]
[[0], [0, 0, 71, 141, 182, 288, 346, 405, 495, 572], [0, 0, 61, 143, 229, 304, 372, 448, 528, 586, 665, 739, 775], [0, 0, 42], [0, 20, 97, 136, 182]]
[[0], [0, 71, 70, 41, 86, 58, 59, 90, 57, 67], [0, 61, 82, 66, 55, 48, 76, 80, 58, 79, 54, 36, 80], [0, 42, 41], [0, 77, 39, 46, 69]]
60
8
278.63999999999993
[(2, 4)]
