[[0], [0, 0, 85, 155, 202, 280], [0, 0, 37, 115, 178, 242], [0, 0, 86, 127, 198], [0, 20, 109, 218, 272, 324]]
[[0], [0, 85, 70, 47, 78, 80], [0, 37, 58, 43, 64, 81], [0, 86, 41, 71, 79], [0, 89, 89, 54, 32, 82]]
60
8
188.95000000000002
[(2, 3)]
[[0], [0, 0, 80], [0, 0, 82, 134, 213, 257], [0, 0, 46], [0, 0, 64, 130, 169, 229]]
[[0], [0, 60, 86], [0, 82, 52, 79, 44, 56], [0, 46, 67], [0, 64, 46, 39, 60, 85]]
60
8
141.88
[]
[[0], [0, 0, 44, 101, 178], [0, 0, 67, 156], [0, 20, 58, 130, 170, 260], [0, 20, 123, 172]]
[[0], [0, 44, 57, 57, 65], [0, 67, 89, 85], [0, 38, 72, 40, 70, 32], [0, 83, 49, 86]]
60
8
133.19
[(4, 1)]
[[0], [0, 0, 69, 119, 213], [0, 0, 77, 151, 193, 224], [0, 0, 41, 120, 187, 238], [0, 0, 104, 189, 227]]
[[0], [0, 69, 50, 74, 89], [0, 57, 74, 42, 31, 46], [0, 41, 59, 67, 51, 87], [0, 84, 85, 38, 85]]
60
8
147.77000000000004
[(4, 3)]
[[0], [0, 0, 67, 127, 205, 242], [0, 20, 56], [0, 20, 50, 93, 137, 224], [0, 0, 68, 137, 197, 227]]
[[0], [0, 67, 40, 78, 37, 55], [0, 36, 44], [0, 30, 43, 44, 67, 33], [0, 48, 69, 60, 30, 53]]
60
8
125.13
[]
[[0], [0, 20, 104, 211], [0, 20, 107, 180, 240], [0, 0, 46], [0, 20, 85, 158]]
[[0], [0, 84, 87, 83], [0, 67, 53, 60, 32], [0, 46, 69], [0, 65, 53, 51]]
60
8
90.53000000000002
[(4, 3)]
[[0], [0, 0, 68, 150, 184, 248], [0, 0, 79, 109, 191, 236], [0, 0, 76, 146, 207, 268], [0, 0, 31]]
[[0], [0, 68, 82, 34, 44, 86], [0, 79, 30, 82, 45, 54], [0, 76, 70, 41, 41, 75], [0, 31, 42]]
60
8
148.36999999999998
[(3, 4)]
[[0], [0, 0, 89, 166, 230, 261], [0, 0, 82, 137, 236], [0, 0, 39, 108, 191], [0, 0, 83, 181, 233]]
[[0], [0, 89, 77, 44, 31, 33], [0, 62, 35, 79, 42], [0, 39, 69, 83, 66], [0, 63, 78, 32, 37]]
60
8
124.27999999999999
[(4, 1)]
[[0], [0, 20, 83, 127, 185, 252], [0, 0, 40, 110, 160, 249], [0, 0, 90, 177, 228], [0, 0, 51, 100]]
[[0], [0, 63, 44, 58, 67, 44], [0, 40, 70, 50, 69, 38], [0, 90, 67, 51, 85], [0, 51, 49, 34]]
60
8
142.83
[(1, 5)]
[[0], [0, 0, 68, 121], [0, 0, 89, 180], [0, 0, 79], [0, 0, 107]]
[[0], [0, 48, 33, 65], [0, 89, 71, 65], [0, 59, 76], [0, 87, 43]]
60
8
106.05999999999999
[]
[[0], [0, 0, 52], [0, 0, 87], [0, 0, 50], [0, 0, 40, 100]]
[[0], [0, 52, 77], [0, 87, 37], [0, 50, 63], [0, 40, 60, 53]]
60
8
71.82000000000001
[(1, 2), (2, 2)]
[[0], [0, 0, 81, 131], [0, 0, 58], [0, 0, 83, 159], [0, 0, 73, 153]]
[[0], [0, 81, 50, 32], [0, 58, 84], [0, 83, 76, 81], [0, 53, 60, 71]]
60
8
123.4
[]
[[0], [0, 20, 81, 166, 249], [0, 0, 31, 99, 140], [0, 20, 100, 161], [0, 0, 58, 94]]
[[0], [0, 61, 85, 63, 41], [0, 31, 68, 41, 73], [0, 80, 41, 38], [0, 58, 36, 69]]
60
8
108.96
[]
[[0], [0, 0, 65, 121, 173, 230], [0, 20, 95, 185, 218], [0, 20, 63, 153, 183], [0, 0, 56, 129]]
[[0], [0, 65, 56, 32, 57, 70], [0, 75, 90, 33, 77], [0, 43, 70, 30, 87], [0, 56, 53, 33]]
60
8
134.31
[]
[[0], [0, 0, 92], [0, 0, 78], [0, 0, 53, 110, 179], [0, 0, 42, 82, 135, 186]]
[[0], [0, 72, 75], [0, 78, 54], [0, 53, 57, 49, 50], [0, 42, 40, 53, 51, 37]]
60
8
106.92999999999999
[(1, 2)]
[[0], [0, 0, 105, 167], [0, 0, 62], [0, 0, 30, 66, 129, 195], [0, 20, 72, 122]]
[[0], [0, 85, 62, 34], [0, 62, 48], [0, 30, 36, 63, 66, 89], [0, 52, 50, 48]]
60
8
87.05999999999999
[(1, 1)]
[[0], [0, 0, 64, 119, 172], [0, 20, 51, 102, 190, 277], [0, 0, 62, 140, 171, 231], [0, 0, 71, 107, 140]]
[[0], [0, 64, 35, 53, 75], [0, 31, 51, 88, 87, 70], [0, 62, 78, 31, 40, 38], [0, 51, 36, 33, 59]]
60
8
161.65999999999997
[(3, 5)]
[[0], [0, 20, 70, 101, 166], [0, 0, 38, 128, 186], [0, 0, 89, 148, 238, 279], [0, 0, 50, 85]]
[[0], [0, 30, 31, 65, 55], [0, 38, 70, 58, 56], [0, 89, 59, 90, 41, 74], [0, 50, 35, 78]]
60
8
119.11000000000001
[(1, 1)]
[[0], [0, 20, 71, 131, 195, 251], [0, 20, 56], [0, 0, 60, 116, 195], [0, 0, 86, 147]]
[[0], [0, 51, 60, 64, 36, 38], [0, 36, 51], [0, 60, 56, 79, 52], [0, 86, 61, 80]]
60
8
109.7
[(4, 3)]
[[0], [0, 20, 130, 194, 229, 312], [0, 0, 88, 123, 179, 228], [0, 0, 61, 129, 192, 254], [0, 0, 59]]
[[0], [0, 90, 44, 35, 63, 49], [0, 88, 35, 56, 49, 77], [0, 41, 68, 63, 42, 47], [0, 59, 53]]
60
8
138.57
[(4, 2)]
[[0], [0, 0, 49, 155, 234], [0, 0, 76], [0, 20, 105, 195, 253, 296], [0, 0, 89, 122, 162, 247]]
[[0], [0, 49, 86, 79, 85], [0, 76, 48], [0, 85, 90, 58, 43, 50], [0, 89, 33, 40, 65, 53]]
60
8
148.60999999999999
[]
[[0], [0, 0, 59, 112, 149, 259], [0, 0, 99], [0, 0, 33], [0, 0, 61, 91, 191, 222]]
[[0], [0, 39, 53, 37, 90, 85], [0, 79, 48], [0, 33, 75], [0, 41, 30, 80, 31, 75]]
60
8
103.53
[]
[[0], [0, 0, 72, 158, 188], [0, 0, 99, 185, 222], [0, 0, 72, 103, 133], [0, 0, 48]]
[[0], [0, 72, 86, 30, 51], [0, 79, 86, 37, 61], [0, 72, 31, 30, 89], [0, 48, 35]]
60
8
140.90000000000003
[]
[[0], [0, 0, 43, 97, 158, 196], [0, 20, 115, 188, 256, 303], [0, 0, 87, 148, 227, 318], [0, 0, 34, 124, 190]]
[[0], [0, 43, 54, 61, 38, 68], [0, 75, 73, 48, 47, 40], [0, 87, 61, 79, 71, 86], [0, 34, 70, 66, 54]]
60
8
154.32999999999998
[(2, 5)]
[[0], [0, 0, 58, 140, 193], [0, 20, 99, 153, 209, 277], [0, 0, 90, 158, 204], [0, 20, 102]]
[[0], [0, 58, 82, 53, 38], [0, 59, 54, 56, 48, 65], [0, 70, 68, 46, 38], [0, 62, 36]]
60
8
125.00999999999999
[]
[[0], [0, 0, 42, 119], [0, 20, 118, 185, 261, 316], [0, 0, 78, 135], [0, 20, 107, 195, 268]]
[[0], [0, 42, 77, 36], [0, 78, 47, 76, 55, 68], [0, 78, 57, 77], [0, 87, 88, 73, 58]]
60
8
127.38999999999997
[(2, 1), (3, 2), (4, 4)]
[[0], [0, 0, 67], [0, 0, 79], [0, 20, 61, 116], [0, 0, 65]]
[[0], [0, 67, 61], [0, 79, 43], [0, 41, 55, 30], [0, 65, 68]]
60
8
68.75999999999999
[(1, 2)]
[[0], [0, 20, 67], [0, 0, 87], [0, 0, 71, 130], [0, 0, 32, 110, 170, 250]]
[[0], [0, 47, 83], [0, 87, 51], [0, 51, 59, 34], [0, 32, 78, 60, 80, 85]]
60
8
124.49000000000001
[(3, 3)]
[[0], [0, 20, 58, 92, 153], [0, 0, 87, 154, 240, 297], [0, 0, 54, 116, 174, 240], [0, 0, 61, 162]]
[[0], [0, 38, 34, 61, 30], [0, 67, 67, 86, 57, 35], [0, 54, 62, 58, 66, 70], [0, 61, 81, 64]]
60
8
166.35000000000002
[(1, 4)]
[[0], [0, 0, 56, 87, 128, 173], [0, 20, 57, 138], [0, 0, 91, 198], [0, 0, 82, 128, 193, 261]]
[[0], [0, 56, 31, 41, 45, 76], [0, 37, 81, 81], [0, 71, 87, 75], [0, 82, 46, 45, 68, 33]]
60
8
127.57000000000001
[(4, 5)]
