[[0], [0, 0, 72, 117, 159, 201], [0, 20, 114, 193, 266], [0, 0, 83, 167, 273, 324], [0, 0, 56], [0, 0, 40, 146, 203], [0, 0, 52, 108, 170]]
[[0], [0, 72, 45, 42, 42, 70], [0, 74, 79, 73, 78], [0, 83, 64, 86, 31, 53], [0, 56, 45], [0, 40, 86, 37, 62], [0, 52, 56, 62, 69]]
60
8
186.12999999999994
[(2, 1), (4, 2), (5, 3)]
[[0], [0, 20, 64, 142, 185, 223], [0, 0, 79, 162, 252, 327], [0, 20, 93, 126, 212], [0, 0, 84, 134, 165], [0, 0, 77], [0, 0, 101]]
[[0], [0, 44, 78, 43, 38, 86], [0, 59, 83, 90, 75, 64], [0, 73, 33, 86, 79], [0, 84, 50, 31, 73], [0, 77, 42], [0, 81, 44]]
60
8
214.07
[(4, 4)]
[[0], [0, 0, 83, 162, 218, 305], [0, 20, 71], [0, 0, 89, 132, 218], [0, 0, 39, 122, 223], [0, 0, 80, 143, 249], [0, 20, 59, 99]]
[[0], [0, 83, 79, 36, 87, 52], [0, 51, 71], [0, 89, 43, 86, 77], [0, 39, 83, 81, 65], [0, 60, 63, 86, 69], [0, 39, 40, 31]]
60
8
216.18
[(4, 4)]
[[0], [0, 0, 42, 113, 188], [0, 0, 37, 113], [0, 0, 74, 132], [0, 0, 39, 126], [0, 20, 87, 151, 209, 284], [0, 0, 60, 99]]
[[0], [0, 42, 71, 55, 33], [0, 37, 76, 35], [0, 74, 58, 88], [0, 39, 87, 58], [0, 67, 64, 58, 75, 83], [0, 60, 39, 47]]
60
8
188.70000000000002
[]
[[0], [0, 20, 56], [0, 0, 64, 164, 248, 297], [0, 20, 90, 140, 202], [0, 20, 83, 133], [0, 0, 48], [0, 0, 80, 157]]
[[0], [0, 36, 84], [0, 64, 80, 64, 49, 68], [0, 70, 50, 62, 51], [0, 63, 30, 58], [0, 48, 33], [0, 80, 57, 74]]
60
8
160.89000000000001
[(1, 1), (2, 3)]
[[0], [0, 0, 74, 108, 160], [0, 0, 50, 129], [0, 0, 79], [0, 20, 106, 195], [0, 0, 48, 106, 185], [0, 0, 45, 120, 203]]
[[0], [0, 74, 34, 32, 30], [0, 30, 79, 52], [0, 59, 77], [0, 86, 69, 89], [0, 48, 58, 79, 47], [0, 45, 75, 83, 82]]
60
8
180.49
[(4, 3)]
[[0], [0, 0, 62, 135, 237], [0, 0, 84], [0, 20, 84], [0, 0, 82, 150, 203], [0, 0, 31, 71, 114, 191], [0, 20, 79, 118, 179, 221]]
[[0], [0, 62, 73, 82, 66], [0, 84, 41], [0, 64, 42], [0, 62, 68, 53, 79], [0, 31, 40, 43, 77, 72], [0, 59, 39, 61, 42, 44]]
60
8
192.81
[]
[[0], [0, 20, 79, 134, 222], [0, 0, 38, 86, 157, 244], [0, 0, 88, 139], [0, 20, 62, 126, 194, 229], [0, 20, 90, 161, 254], [0, 0, 65, 137, 215, 302]]
[[0], [0, 59, 55, 88, 84], [0, 38, 48, 71, 87, 46], [0, 68, 31, 68], [0, 42, 44, 68, 35, 54], [0, 50, 71, 73, 60], [0, 45, 52, 58, 87, 86]]
60
8
206.08999999999997
[(3, 2), (5, 1)]
[[0], [0, 0, 40], [0, 0, 63, 147], [0, 0, 36, 104], [0, 0, 89], [0, 0, 70, 106, 176], [0, 0, 34, 101, 184, 248]]
[[0], [0, 40, 61], [0, 43, 84, 45], [0, 36, 68, 85], [0, 69, 77], [0, 50, 36, 70, 69], [0, 34, 67, 83, 64, 89]]
60
8
160.78
[(4, 1), (5, 4)]
[[0], [0, 0, 55, 132, 210], [0, 20, 95, 128, 201], [0, 0, 39], [0, 0, 63], [0, 0, 71], [0, 20, 68, 144, 215, 305]]
[[0], [0, 55, 57, 78, 71], [0, 75, 33, 73, 33], [0, 39, 36], [0, 63, 39], [0, 71, 38], [0, 48, 76, 51, 70, 40]]
60
8
160.61
[(4, 2)]
[[0], [0, 0, 48, 106], [0, 20, 65], [0, 0, 52, 129, 218], [0, 20, 96], [0, 0, 102, 173, 206], [0, 0, 59, 120, 182]]
[[0], [0, 48, 58, 52], [0, 45, 66], [0, 52, 77, 69, 37], [0, 56, 72], [0, 82, 71, 33, 84], [0, 59, 61, 62, 33]]
60
8
157.98999999999998
[(5, 4)]
[[0], [0, 0, 85, 176, 255], [0, 0, 78, 156, 217, 314], [0, 20, 62, 142, 229, 295], [0, 20, 90], [0, 0, 85, 120, 192], [0, 0, 79, 146, 248]]
[[0], [0, 85, 71, 59, 38], [0, 58, 58, 61, 77, 41], [0, 42, 80, 87, 46, 71], [0, 70, 31], [0, 85, 35, 52, 48], [0, 79, 67, 82, 41]]
60
8
200.82000000000002
[]
[[0], [0, 0, 31, 114], [0, 0, 36], [0, 0, 93, 168], [0, 0, 42, 124, 204, 265], [0, 0, 61, 146, 181], [0, 20, 83, 168, 220]]
[[0], [0, 31, 83, 86], [0, 36, 35], [0, 73, 75, 40], [0, 42, 82, 80, 61, 34], [0, 61, 85, 35, 66], [0, 43, 85, 52, 42]]
60
8
177.90999999999997
[(2, 2), (6, 1)]
[[0], [0, 20, 56, 160], [0, 0, 109, 191, 274], [0, 20, 102, 153], [0, 0, 46, 99, 137, 245], [0, 0, 53, 118, 185], [0, 0, 57]]
[[0], [0, 36, 84, 65], [0, 89, 62, 63, 56], [0, 62, 51, 64], [0, 46, 53, 38, 88, 36], [0, 53, 65, 67, 40], [0, 57, 45]]
60
8
202.07
[]
[[0], [0, 0, 32, 98, 141, 187], [0, 0, 65, 154], [0, 0, 65], [0, 0, 71, 123, 212], [0, 0, 84, 146], [0, 0, 86, 172, 239, 328]]
[[0], [0, 32, 66, 43, 46, 47], [0, 65, 89, 87], [0, 45, 47], [0, 71, 52, 89, 82], [0, 64, 62, 61], [0, 86, 66, 67, 69, 63]]
60
8
230.57999999999996
[]
[[0], [0, 20, 104, 158, 226], [0, 0, 61, 151], [0, 0, 75, 133, 168, 211], [0, 0, 34], [0, 0, 105, 185, 235, 320], [0, 0, 50, 120, 203, 306]]
[[0], [0, 64, 34, 68, 31], [0, 61, 70, 74], [0, 75, 38, 35, 43, 33], [0, 34, 72], [0, 85, 80, 50, 65, 75], [0, 30, 50, 83, 83, 31]]
60
8
163.49
[(1, 2), (2, 1), (4, 1), (6, 2)]
[[0], [0, 0, 46], [0, 0, 35, 116, 170], [0, 0, 52, 116, 185, 220], [0, 0, 103, 142], [0, 0, 43, 125, 180, 231], [0, 20, 52, 103, 142, 223]]
[[0], [0, 46, 84], [0, 35, 61, 34, 65], [0, 52, 44, 69, 35, 62], [0, 83, 39, 67], [0, 43, 82, 55, 31, 36], [0, 32, 51, 39, 81, 32]]
60
8
179.84
[(1, 1), (2, 3)]
[[0], [0, 0, 52], [0, 20, 96, 146, 224], [0, 20, 57, 156, 232, 293], [0, 0, 63, 138, 228, 307], [0, 0, 88, 138, 207], [0, 20, 102, 178]]
[[0], [0, 52, 70], [0, 56, 50, 78, 50], [0, 37, 79, 76, 61, 72], [0, 63, 75, 70, 79, 59], [0, 88, 50, 69, 74], [0, 82, 76, 90]]
60
8
246.60999999999999
[(2, 1)]
[[0], [0, 0, 90, 175], [0, 0, 59, 144], [0, 0, 98, 150, 220, 254], [0, 0, 41, 101, 160, 223], [0, 0, 81, 134, 187], [0, 0, 53]]
[[0], [0, 70, 85, 58], [0, 39, 65, 76], [0, 78, 32, 50, 34, 75], [0, 41, 60, 39, 63, 67], [0, 81, 53, 53, 67], [0, 33, 41]]
60
8
126.18999999999998
[(2, 2), (3, 1), (6, 2)]
[[0], [0, 0, 45, 111, 176, 260], [0, 0, 39, 127, 178, 254], [0, 20, 99, 205, 284], [0, 0, 43, 97], [0, 0, 35, 105, 160], [0, 0, 56]]
[[0], [0, 45, 46, 65, 64, 65], [0, 39, 88, 51, 56, 60], [0, 79, 86, 59, 55], [0, 43, 54, 36], [0, 35, 50, 55, 37], [0, 56, 78]]
60
8
186.32000000000002
[(5, 4), (6, 2)]
[[0], [0, 20, 75, 164], [0, 20, 103], [0, 0, 39, 103, 151, 232], [0, 0, 45, 135, 206], [0, 0, 64, 143], [0, 20, 68, 130]]
[[0], [0, 35, 89, 39], [0, 63, 42], [0, 39, 64, 48, 81, 61], [0, 45, 90, 71, 89], [0, 64, 59, 87], [0, 48, 62, 43]]
60
8
141.03
[(2, 1)]
[[0], [0, 0, 86, 159], [0, 0, 86, 160, 190, 279], [0, 0, 103, 178, 279, 344], [0, 0, 63, 137, 217, 298], [0, 0, 62], [0, 0, 35, 104, 159, 229]]
[[0], [0, 86, 73, 34], [0, 66, 74, 30, 69, 68], [0, 83, 75, 81, 65, 84], [0, 63, 74, 60, 81, 59], [0, 42, 74], [0, 35, 69, 55, 50, 84]]
60
8
254.16000000000003
[(3, 2)]
[[0], [0, 0, 64, 107, 196, 229], [0, 0, 82, 178, 261], [0, 0, 33, 107, 176, 249], [0, 0, 93, 181, 262], [0, 0, 50, 115, 156, 264], [0, 0, 44, 82]]
[[0], [0, 64, 43, 89, 33, 36], [0, 62, 76, 83, 82], [0, 33, 54, 69, 73, 89], [0, 73, 88, 81, 45], [0, 50, 65, 41, 88, 76], [0, 44, 38, 47]]
60
8
248.89999999999998
[(2, 1)]
[[0], [0, 0, 57], [0, 0, 45, 126], [0, 0, 73, 135], [0, 0, 43, 95], [0, 20, 66, 153, 195, 231], [0, 20, 97]]
[[0], [0, 57, 45], [0, 45, 61, 72], [0, 73, 62, 78], [0, 43, 52, 48], [0, 46, 87, 42, 36, 60], [0, 77, 78]]
60
8
152.64000000000004
[(6, 2)]
[[0], [0, 0, 79, 118, 213], [0, 0, 41, 119], [0, 0, 48, 106, 142], [0, 20, 108, 146], [0, 0, 100], [0, 0, 93, 165, 250]]
[[0], [0, 79, 39, 75, 75], [0, 41, 78, 44], [0, 48, 58, 36, 41], [0, 88, 38, 63], [0, 80, 77], [0, 73, 72, 85, 72]]
60
8
191.45000000000005
[(2, 3)]
[[0], [0, 20, 107], [0, 0, 48, 104], [0, 0, 41], [0, 0, 102, 184, 251, 288], [0, 20, 64, 123], [0, 0, 72, 119]]
[[0], [0, 87, 49], [0, 48, 56, 68], [0, 41, 77], [0, 82, 62, 67, 37, 30], [0, 44, 59, 60], [0, 72, 47, 48]]
60
8
141.81000000000003
[(1, 1)]
[[0], [0, 0, 95, 138], [0, 0, 83, 164, 245, 327], [0, 0, 50, 105], [0, 0, 79], [0, 0, 101, 154], [0, 20, 68, 154, 204]]
[[0], [0, 75, 43, 71], [0, 63, 81, 61, 82, 87], [0, 50, 55, 36], [0, 59, 77], [0, 81, 53, 52], [0, 48, 86, 30, 75]]
60
8
209.91
[]
[[0], [0, 0, 60, 122, 186], [0, 0, 52, 146, 202, 234], [0, 0, 49, 79, 155], [0, 20, 51, 133, 171, 228], [0, 0, 63, 94, 175, 240], [0, 0, 67, 165]]
[[0], [0, 40, 42, 64, 37], [0, 52, 74, 56, 32, 58], [0, 49, 30, 76, 60], [0, 31, 82, 38, 37, 36], [0, 63, 31, 81, 65, 87], [0, 67, 78, 79]]
60
8
207.95
[]
[[0], [0, 0, 109, 198, 283], [0, 0, 47, 121, 158, 235], [0, 0, 75], [0, 0, 39, 110, 185], [0, 0, 30, 79], [0, 0, 57, 128]]
[[0], [0, 89, 69, 85, 72], [0, 47, 54, 37, 77, 89], [0, 75, 62], [0, 39, 71, 75, 50], [0, 30, 49, 54], [0, 57, 71, 90]]
60
8
222.33000000000004
[(1, 2)]
[[0], [0, 0, 59, 114, 179, 266], [0, 0, 68, 133], [0, 0, 76, 160], [0, 0, 43, 128, 179], [0, 20, 97, 168], [0, 20, 68, 136, 202, 256]]
[[0], [0, 59, 35, 45, 87, 57], [0, 68, 65, 40], [0, 76, 84, 81], [0, 43, 85, 31, 86], [0, 77, 71, 69], [0, 48, 68, 66, 54, 48]]
60
8
154.86999999999998
[(1, 4), (3, 3), (4, 4)]
