[[0], [0, 0, 56, 102, 181, 233], [0, 0, 66, 132], [0, 20, 106], [0, 0, 79, 164], [0, 20, 103, 156, 238], [0, 0, 80, 123]]
[[0], [0, 56, 46, 59, 52, 31], [0, 66, 66, 88], [0, 66, 82], [0, 79, 65, 63], [0, 83, 53, 62, 63], [0, 60, 43, 64]]
60
1
171.66000000000005
[(3, 1), (4, 3), (5, 4)]
[[0], [0, 0, 106, 165, 195, 268], [0, 0, 106, 174], [0, 0, 84, 159], [0, 0, 61, 113, 195], [0, 0, 69, 140, 228], [0, 20, 50, 100]]
[[0], [0, 86, 59, 30, 73, 73], [0, 86, 68, 55], [0, 84, 75, 37], [0, 61, 32, 82, 72], [0, 69, 71, 88, 82], [0, 30, 50, 79]]
60
1
203.5
[(3, 3)]
[[0], [0, 0, 66, 100, 145, 238], [0, 0, 57, 161, 232], [0, 0, 57, 121, 178], [0, 0, 103, 208, 261], [0, 0, 69, 112, 168], [0, 0, 84, 165, 198]]
[[0], [0, 66, 34, 45, 73, 67], [0, 57, 84, 71, 88], [0, 37, 64, 57, 75], [0, 83, 85, 33, 70], [0, 69, 43, 56, 44], [0, 84, 81, 33, 32]]
60
1
235.29999999999995
[(4, 1)]
[[0], [0, 0, 90], [0, 0, 75], [0, 0, 53, 120], [0, 0, 71, 122], [0, 0, 58, 142, 225, 273], [0, 0, 38, 93]]
[[0], [0, 70, 55], [0, 75, 45], [0, 53, 67, 56], [0, 71, 51, 54], [0, 58, 84, 83, 48, 81], [0, 38, 55, 37]]
60
1
161.17
[]
[[0], [0, 0, 42, 129, 201, 243], [0, 0, 41, 118, 158, 217], [0, 0, 52, 129, 199, 251], [0, 0, 75, 158], [0, 0, 45, 126], [0, 0, 86]]
[[0], [0, 42, 87, 52, 42, 85], [0, 41, 77, 40, 59, 33], [0, 52, 77, 70, 52, 54], [0, 75, 83, 82], [0, 45, 81, 65], [0, 86, 38]]
60
1
195.27000000000004
[]
[[0], [0, 0, 96, 185, 237], [0, 0, 58, 152, 196, 256], [0, 0, 68, 130, 166], [0, 0, 61, 118, 177, 265], [0, 20, 91], [0, 0, 58, 137, 207]]
[[0], [0, 76, 69, 52, 60], [0, 58, 74, 44, 60, 65], [0, 68, 62, 36, 84], [0, 61, 57, 59, 88, 38], [0, 71, 35], [0, 58, 59, 70, 89]]
60
1
216.61000000000007
[(1, 1), (6, 4)]
[[0], [0, 0, 34, 64, 170, 226], [0, 0, 90, 172, 214], [0, 0, 90, 175, 273, 362], [0, 20, 86, 162, 202, 255], [0, 0, 30, 76, 121], [0, 0, 73]]
[[0], [0, 34, 30, 86, 56, 53], [0, 70, 82, 42, 72], [0, 90, 65, 78, 69, 83], [0, 66, 76, 40, 33, 59], [0, 30, 46, 45, 47], [0, 73, 43]]
60
1
214.93000000000006
[(5, 4)]
[[0], [0, 20, 108, 197, 283], [0, 0, 87], [0, 0, 70], [0, 0, 31, 98, 133, 198], [0, 0, 68, 118, 211], [0, 0, 42]]
[[0], [0, 68, 89, 86, 45], [0, 87, 87], [0, 70, 41], [0, 31, 67, 35, 65, 53], [0, 68, 50, 73, 54], [0, 42, 35]]
60
1
163.34
[(1, 1), (2, 2)]
[[0], [0, 0, 68, 150, 196, 270], [0, 0, 76, 163, 228, 333], [0, 0, 102], [0, 20, 98, 179, 222, 258], [0, 0, 30, 91], [0, 0, 81]]
[[0], [0, 48, 82, 46, 74, 90], [0, 76, 87, 65, 85, 44], [0, 82, 33], [0, 78, 81, 43, 36, 73], [0, 30, 61, 83], [0, 81, 34]]
60
1
218.51
[]
[[0], [0, 0, 42], [0, 0, 81, 117, 168, 226], [0, 0, 49, 132, 205], [0, 0, 75, 129], [0, 0, 53, 86, 148, 202], [0, 0, 34, 119, 154, 228]]
[[0], [0, 42, 62], [0, 81, 36, 51, 58, 50], [0, 49, 63, 73, 44], [0, 55, 54, 81], [0, 53, 33, 62, 34, 30], [0, 34, 85, 35, 74, 41]]
60
1
182.30999999999997
[]
[[0], [0, 0, 59], [0, 20, 93, 127, 159], [0, 0, 55], [0, 0, 43, 93, 158, 201], [0, 20, 67, 145, 206], [0, 0, 44, 122, 162]]
[[0], [0, 39, 55], [0, 53, 34, 32, 42], [0, 35, 72], [0, 43, 50, 45, 43, 57], [0, 47, 78, 61, 61], [0, 44, 78, 40, 59]]
60
1
144.56
[(1, 1), (3, 2)]
[[0], [0, 0, 90, 171], [0, 0, 34, 122, 210], [0, 0, 53, 157], [0, 0, 79, 171], [0, 0, 43, 136], [0, 0, 82, 154, 215]]
[[0], [0, 70, 81, 67], [0, 34, 88, 68, 50], [0, 33, 84, 48], [0, 79, 72, 42], [0, 43, 73, 72], [0, 82, 72, 61, 81]]
60
1
204.44000000000003
[(6, 4)]
[[0], [0, 0, 78, 159], [0, 20, 59], [0, 0, 78], [0, 0, 57], [0, 20, 93, 193, 244], [0, 0, 60, 113, 220, 279]]
[[0], [0, 78, 61, 81], [0, 39, 78], [0, 78, 66], [0, 57, 80], [0, 73, 80, 51, 43], [0, 60, 53, 87, 59, 80]]
60
1
163.27000000000004
[]
[[0], [0, 0, 68], [0, 0, 86, 187], [0, 0, 85, 131, 217], [0, 20, 108, 139, 209, 256], [0, 0, 32, 102], [0, 0, 48, 86, 181, 270]]
[[0], [0, 68, 63], [0, 86, 81, 64], [0, 85, 46, 86, 34], [0, 68, 31, 70, 47, 30], [0, 32, 50, 76], [0, 48, 38, 75, 89, 54]]
60
1
160.59000000000003
[(1, 2), (3, 4)]
[[0], [0, 20, 78, 161], [0, 0, 85, 162, 210], [0, 0, 89], [0, 0, 105, 194, 230], [0, 0, 31, 106, 143, 198], [0, 20, 82]]
[[0], [0, 58, 83, 77], [0, 85, 77, 48, 44], [0, 89, 31], [0, 85, 89, 36, 86], [0, 31, 75, 37, 55, 36], [0, 62, 44]]
60
1
180.68
[(2, 4)]
[[0], [0, 20, 75, 164, 251], [0, 0, 90, 130], [0, 0, 43, 122, 214, 304], [0, 20, 100, 176, 258], [0, 20, 109, 146], [0, 0, 64, 96, 193, 292]]
[[0], [0, 55, 69, 87, 68], [0, 70, 40, 54], [0, 43, 79, 72, 90, 40], [0, 80, 76, 82, 67], [0, 89, 37, 73], [0, 64, 32, 77, 79, 85]]
60
1
215.03
[(5, 3)]
[[0], [0, 20, 73, 119, 208, 277], [0, 0, 68], [0, 20, 50, 120], [0, 0, 66, 106], [0, 0, 107], [0, 0, 35, 86]]
[[0], [0, 33, 46, 69, 69, 60], [0, 68, 39], [0, 30, 70, 58], [0, 66, 40, 44], [0, 87, 72], [0, 35, 31, 69]]
60
1
137.14999999999998
[]
[[0], [0, 0, 78], [0, 20, 65], [0, 20, 57, 97, 128], [0, 0, 70, 130], [0, 0, 75], [0, 0, 60, 91]]
[[0], [0, 78, 42], [0, 45, 54], [0, 37, 40, 31, 73], [0, 50, 60, 62], [0, 75, 80], [0, 40, 31, 56]]
60
1
109.70000000000002
[(1, 1)]
[[0], [0, 0, 64, 134, 167, 200], [0, 0, 47, 119, 206], [0, 0, 38, 91, 169, 242], [0, 0, 89], [0, 20, 88, 153, 241], [0, 0, 86]]
[[0], [0, 44, 50, 33, 33, 87], [0, 47, 72, 87, 39], [0, 38, 53, 78, 53, 82], [0, 89, 61], [0, 68, 65, 88, 75], [0, 86, 90]]
60
1
221.78999999999996
[(1, 2)]
[[0], [0, 20, 71, 149, 201, 308], [0, 0, 67], [0, 20, 64, 122, 157], [0, 0, 61, 135, 206], [0, 0, 61, 134], [0, 0, 62]]
[[0], [0, 51, 78, 32, 87, 44], [0, 67, 42], [0, 44, 38, 35, 76], [0, 61, 74, 51, 55], [0, 61, 53, 75], [0, 62, 63]]
60
1
158.88
[(4, 4), (6, 1)]
[[0], [0, 0, 83, 169, 209, 257], [0, 0, 72, 147, 206, 270], [0, 0, 66], [0, 0, 70, 123], [0, 0, 84, 188], [0, 20, 85]]
[[0], [0, 83, 66, 40, 48, 52], [0, 72, 75, 39, 64, 53], [0, 66, 39], [0, 50, 33, 70], [0, 84, 84, 69], [0, 65, 40]]
60
1
196.14
[]
[[0], [0, 20, 130], [0, 0, 52, 87, 149], [0, 0, 77, 128], [0, 0, 30, 91, 162], [0, 0, 57, 155, 245, 282], [0, 20, 95, 143, 204]]
[[0], [0, 90, 55], [0, 52, 35, 62, 73], [0, 77, 51, 33], [0, 30, 61, 71, 86], [0, 57, 78, 70, 37, 74], [0, 75, 48, 61, 89]]
60
1
172.25000000000003
[(2, 3)]
[[0], [0, 0, 84, 165, 197], [0, 20, 100, 176, 239, 317], [0, 20, 60, 100], [0, 0, 82, 129, 206, 238], [0, 0, 64], [0, 0, 68]]
[[0], [0, 84, 81, 32, 30], [0, 80, 76, 63, 78, 41], [0, 40, 40, 51], [0, 62, 47, 77, 32, 42], [0, 64, 34], [0, 68, 39]]
60
1
166.15
[]
[[0], [0, 20, 95, 185, 258, 334], [0, 0, 66, 96, 153], [0, 20, 69, 108, 187, 246], [0, 0, 110, 184, 252, 322], [0, 0, 64], [0, 0, 33]]
[[0], [0, 55, 90, 73, 76, 66], [0, 46, 30, 37, 54], [0, 49, 39, 79, 59, 57], [0, 90, 74, 68, 70, 83], [0, 64, 40], [0, 33, 54]]
60
1
184.38
[(1, 1)]
[[0], [0, 20, 86], [0, 0, 79, 144], [0, 0, 50, 132, 183], [0, 20, 59], [0, 0, 34], [0, 0, 38, 84, 126, 207]]
[[0], [0, 46, 89], [0, 79, 65, 89], [0, 50, 82, 51, 35], [0, 39, 63], [0, 34, 81], [0, 38, 46, 42, 81, 62]]
60
1
156.85000000000002
[(6, 5)]
[[0], [0, 0, 40], [0, 0, 54, 147, 200, 257], [0, 0, 77, 148, 225, 262], [0, 0, 42, 90, 155], [0, 0, 69, 174, 224], [0, 0, 60, 139, 196, 275]]
[[0], [0, 40, 32], [0, 54, 73, 53, 37, 40], [0, 77, 71, 77, 37, 67], [0, 42, 48, 65, 68], [0, 69, 85, 50, 82], [0, 60, 79, 57, 59, 62]]
60
1
224.45000000000002
[]
[[0], [0, 20, 110], [0, 0, 54, 113, 203, 262], [0, 0, 110, 215, 302, 369], [0, 0, 55, 90, 188], [0, 0, 32, 65], [0, 0, 66, 149, 205]]
[[0], [0, 90, 44], [0, 54, 59, 90, 39, 76], [0, 90, 85, 87, 67, 83], [0, 55, 35, 78, 69], [0, 32, 33, 85], [0, 66, 83, 56, 78]]
60
1
238.86
[(3, 2)]
[[0], [0, 0, 66, 105, 150, 194], [0, 20, 95, 204, 272], [0, 20, 62, 122], [0, 0, 85, 147, 232, 316], [0, 0, 45], [0, 0, 82, 148, 219]]
[[0], [0, 66, 39, 45, 44, 31], [0, 75, 89, 48, 57], [0, 42, 40, 61], [0, 85, 62, 85, 64, 58], [0, 45, 55], [0, 82, 66, 71, 84]]
60
1
217.05
[(3, 3)]
[[0], [0, 0, 56, 106, 157, 195], [0, 0, 32, 94, 144, 215], [0, 0, 87], [0, 0, 63, 121, 204, 262], [0, 0, 69, 140], [0, 20, 93]]
[[0], [0, 56, 50, 51, 38, 71], [0, 32, 62, 30, 71, 34], [0, 87, 86], [0, 63, 58, 63, 58, 36], [0, 69, 71, 30], [0, 73, 65]]
60
1
197.78
[(1, 5)]
[[0], [0, 0, 78, 154, 204], [0, 0, 54], [0, 0, 51, 115, 150, 232], [0, 0, 82, 165, 250, 303], [0, 0, 71], [0, 0, 40]]
[[0], [0, 78, 76, 50, 75], [0, 54, 43], [0, 51, 64, 35, 82, 41], [0, 82, 63, 85, 53, 55], [0, 71, 62], [0, 40, 57]]
60
1
193.08999999999997
[(1, 4)]
