[[0], [0, 0, 49], [0, 0, 46, 143, 223, 313, 348], [0, 20, 72, 182, 290, 359, 435, 511, 565, 648, 702, 732, 794, 826, 901, 962], [0, 0, 50, 127, 218, 270, 337, 410, 507, 587, 623, 728, 792], [0, 0, 85, 119, 181, 212, 247, 337, 408, 473, 557, 630], [0, 0, 104, 182, 230, 293, 337, 416]]
[[0], [0, 49, 74], [0, 46, 77, 80, 70, 35, 42], [0, 32, 90, 88, 49, 76, 76, 54, 83, 54, 30, 62, 32, 75, 61, 85], [0, 30, 77, 71, 52, 67, 73, 77, 80, 36, 85, 64, 44], [0, 65, 34, 62, 31, 35, 70, 71, 45, 84, 73, 74], [0, 84, 78, 48, 63, 44, 79, 42]]
60
1
332.74999999999994
[(1, 2), (3, 1)]
[[0], [0, 0, 92, 154, 240, 303, 365, 398, 448], [0, 0, 63, 129, 191, 225, 289, 375, 431, 514, 544, 617], [0, 0, 83, 172, 256, 312, 377, 458, 488, 577, 614, 704, 792, 847, 937, 1016], [0, 0, 55, 121], [0, 0, 81, 111, 159, 250, 291, 329, 407, 486, 572, 623], [0, 20, 53, 123, 165, 207, 257, 350, 412, 444, 524, 573, 637]]
[[0], [0, 72, 42, 86, 63, 62, 33, 50, 51], [0, 63, 66, 62, 34, 64, 86, 56, 83, 30, 73, 42], [0, 63, 69, 84, 56, 65, 81, 30, 89, 37, 70, 88, 55, 90, 59, 45], [0, 55, 66, 44], [0, 61, 30, 48, 71, 41, 38, 78, 79, 86, 51, 75], [0, 33, 50, 42, 42, 50, 73, 42, 32, 80, 49, 64, 73]]
60
1
473.3300000000002
[(3, 2), (6, 7)]
[[0], [0, 0, 66, 131, 211, 266, 344, 412, 493, 530, 582, 616, 666, 733, 775, 843], [0, 20, 81, 152, 194, 229, 293, 340, 398, 481], [0, 20, 52, 113, 182, 249, 340, 393, 461, 527, 582, 692], [0, 0, 53, 131, 207, 253, 340, 406], [0, 0, 37, 94, 168, 234, 291, 351, 435, 489, 557], [0, 0, 89, 165, 252, 320, 371, 454, 484, 573]]
[[0], [0, 66, 65, 80, 55, 78, 68, 61, 37, 52, 34, 30, 67, 42, 68, 72], [0, 61, 71, 42, 35, 44, 47, 58, 83, 33], [0, 32, 61, 49, 67, 71, 53, 68, 66, 55, 90, 50], [0, 33, 58, 76, 46, 87, 66, 68], [0, 37, 37, 74, 66, 57, 40, 84, 54, 68, 52], [0, 89, 76, 87, 68, 51, 83, 30, 69, 31]]
60
1
489.12000000000006
[(4, 2)]
[[0], [0, 0, 65, 154, 255, 315, 376, 439, 476, 539, 619, 665], [0, 0, 70, 128, 170, 233, 311, 352], [0, 0, 30, 116, 171, 238, 300, 384, 484, 531, 602, 653, 703, 760], [0, 0, 96, 151, 192, 225, 312, 388, 485, 545, 629, 675, 720, 780], [0, 0, 80, 123, 215, 318, 368, 458, 525], [0, 0, 88, 120, 175, 220, 273, 316, 356, 417, 500, 594, 648, 726, 807]]
[[0], [0, 65, 89, 81, 60, 41, 43, 37, 63, 60, 46, 45], [0, 70, 58, 42, 63, 58, 41, 83], [0, 30, 86, 55, 67, 42, 84, 80, 47, 71, 51, 50, 57, 37], [0, 76, 35, 41, 33, 87, 76, 77, 40, 84, 46, 45, 60, 30], [0, 80, 43, 72, 83, 50, 90, 47, 90], [0, 88, 32, 55, 45, 53, 43, 40, 61, 63, 74, 54, 58, 81, 90]]
60
1
463.21000000000015
[(3, 6), (4, 2), (5, 4)]
[[0], [0, 0, 84, 115, 200, 264, 359], [0, 0, 72, 138, 196, 285, 330, 422], [0, 0, 83], [0, 0, 53, 125, 198, 235, 325, 366, 410], [0, 0, 61, 94, 145, 177, 235, 320, 391, 447, 518, 588, 665], [0, 0, 89, 160, 211, 300, 385, 436, 541, 619, 671, 706, 790]]
[[0], [0, 64, 31, 85, 44, 75, 76], [0, 72, 66, 38, 89, 45, 72, 47], [0, 63, 83], [0, 53, 72, 73, 37, 90, 41, 44, 42], [0, 41, 33, 51, 32, 58, 65, 71, 36, 71, 70, 57, 82], [0, 69, 71, 51, 89, 65, 51, 85, 78, 52, 35, 84, 85]]
60
1
419.7299999999999
[(3, 2), (5, 6), (6, 6)]
[[0], [0, 20, 83, 132, 179, 230], [0, 0, 75, 126, 209, 271, 306, 383, 430], [0, 20, 102, 191, 268, 320, 371, 458, 541, 618, 681, 728], [0, 0, 82, 190, 259], [0, 0, 59, 146, 191, 228, 302, 358, 446, 507, 542, 618, 701, 742, 834, 882], [0, 0, 61]]
[[0], [0, 63, 49, 47, 51, 65], [0, 75, 51, 63, 62, 35, 57, 47, 84], [0, 82, 69, 77, 32, 51, 87, 83, 57, 63, 47, 43], [0, 82, 88, 69, 82], [0, 59, 87, 45, 37, 74, 56, 68, 61, 35, 76, 83, 41, 72, 48, 36], [0, 61, 66]]
60
1
389.1199999999999
[(3, 1), (4, 4)]
[[0], [0, 0, 56, 120, 191, 250], [0, 20, 61, 165, 231, 281, 343, 396], [0, 0, 85, 172, 208, 290, 354, 446, 499, 584, 617, 718], [0, 20, 82, 136, 190, 228, 280, 348, 421, 460, 525, 611, 642], [0, 0, 87, 156, 192, 238, 296, 375, 434, 487, 566, 644, 728, 775, 848], [0, 0, 58, 136]]
[[0], [0, 56, 64, 51, 59, 53], [0, 41, 84, 66, 50, 42, 53, 83], [0, 85, 87, 36, 82, 64, 72, 33, 65, 33, 81, 43], [0, 62, 34, 54, 38, 32, 48, 53, 39, 65, 86, 31, 46], [0, 67, 69, 36, 46, 58, 79, 59, 53, 79, 78, 84, 47, 73, 75], [0, 58, 78, 75]]
60
1
423.95
[(3, 7), (4, 6)]
[[0], [0, 0, 66, 150, 232, 263, 316, 376, 406, 451, 518, 604], [0, 20, 113, 187, 257, 306, 346, 404, 481], [0, 0, 54, 132, 225], [0, 20, 51, 123, 212, 259, 353, 462, 538, 573, 616, 676], [0, 20, 82, 124], [0, 0, 86, 172]]
[[0], [0, 46, 84, 82, 31, 53, 60, 30, 45, 67, 86, 78], [0, 73, 54, 70, 49, 40, 58, 77, 74], [0, 54, 58, 73, 75], [0, 31, 72, 89, 47, 74, 89, 76, 35, 43, 60, 39], [0, 62, 42, 62], [0, 66, 86, 37]]
60
1
331.99
[(2, 1), (3, 4), (4, 6), (5, 3)]
[[0], [0, 0, 61, 91, 124, 177, 247, 322], [0, 20, 106, 170, 218, 269, 326, 395, 487, 527, 575, 624, 670, 757, 789, 824], [0, 0, 99, 173, 251, 355, 440], [0, 0, 66, 130, 209, 279, 316, 422], [0, 20, 113, 187, 241, 293, 387, 456, 519, 575], [0, 0, 55, 108, 147]]
[[0], [0, 61, 30, 33, 53, 70, 75, 45], [0, 66, 44, 48, 51, 57, 69, 72, 40, 48, 49, 46, 67, 32, 35, 41], [0, 79, 74, 78, 84, 65, 66], [0, 46, 64, 59, 50, 37, 86, 33], [0, 73, 74, 34, 52, 74, 69, 63, 56, 53], [0, 55, 53, 39, 48]]
60
1
274.76
[(2, 1), (4, 4)]
[[0], [0, 0, 72, 166, 240, 350, 400, 437, 493, 571, 605, 653, 721, 790], [0, 0, 82, 170, 252, 335, 388, 483, 529], [0, 0, 39, 118], [0, 20, 102, 138, 243], [0, 20, 79, 146, 185, 216, 283, 353, 436, 534, 636, 711, 787, 863, 944, 1024], [0, 0, 50, 122]]
[[0], [0, 72, 74, 74, 90, 50, 37, 56, 78, 34, 48, 68, 69, 70], [0, 82, 68, 82, 83, 53, 75, 46, 84], [0, 39, 79, 67], [0, 82, 36, 85, 39], [0, 59, 67, 39, 31, 67, 70, 83, 78, 82, 75, 76, 76, 81, 60, 52], [0, 50, 72, 34]]
60
1
364.01000000000005
[(5, 9)]
[[0], [0, 0, 78], [0, 20, 126, 161, 256, 338, 383], [0, 0, 55, 111], [0, 0, 54, 115], [0, 0, 86, 135, 240, 270, 313, 392], [0, 0, 42, 127, 198, 272, 375]]
[[0], [0, 78, 33], [0, 86, 35, 75, 82, 45, 52], [0, 55, 56, 60], [0, 54, 61, 62], [0, 86, 49, 85, 30, 43, 79, 55], [0, 42, 85, 71, 74, 83, 54]]
60
1
226.09
[(2, 2)]
[[0], [0, 0, 40, 93, 144, 182, 236, 290, 346, 377, 441, 473, 522, 605, 659, 755], [0, 0, 82, 124, 174, 227, 275, 335, 421, 498, 561, 610, 670, 732, 788, 872], [0, 0, 51, 105, 195, 236, 292, 369, 424, 504, 563, 618, 694, 744, 787], [0, 0, 34, 117, 204, 288, 364, 444, 513, 543, 634, 688, 724, 828], [0, 20, 53, 133, 179, 259], [0, 0, 43, 89, 187]]
[[0], [0, 40, 53, 51, 38, 54, 54, 56, 31, 64, 32, 49, 83, 54, 76, 89], [0, 82, 42, 30, 53, 48, 60, 66, 77, 63, 49, 40, 42, 56, 64, 33], [0, 51, 34, 90, 41, 36, 77, 35, 80, 59, 35, 56, 50, 43, 34], [0, 34, 83, 87, 84, 76, 80, 49, 30, 71, 54, 36, 84, 40], [0, 33, 60, 46, 60, 67], [0, 43, 46, 78, 35]]
60
1
558.9300000000001
[]
[[0], [0, 0, 81, 154, 231, 281, 369, 434, 511, 549, 602, 674, 765], [0, 20, 73, 155, 196, 230, 316, 386, 457, 537, 616, 693, 803, 902], [0, 0, 110, 191, 249, 339, 371, 410, 459, 490, 549, 620, 679, 759], [0, 0, 52, 105, 174, 216], [0, 0, 79, 123, 198, 240, 325, 409, 461, 496], [0, 0, 34, 108]]
[[0], [0, 81, 53, 77, 50, 68, 65, 77, 38, 53, 52, 71, 43], [0, 53, 82, 41, 34, 86, 50, 71, 80, 59, 77, 90, 79, 75], [0, 90, 81, 38, 90, 32, 39, 49, 31, 59, 51, 39, 80, 73], [0, 52, 53, 49, 42, 39], [0, 79, 44, 75, 42, 85, 84, 32, 35, 48], [0, 34, 54, 39]]
60
1
414.61000000000007
[(6, 3)]
[[0], [0, 0, 30, 66, 120, 197], [0, 0, 71, 136, 196, 298, 367, 397, 460, 498, 556, 617], [0, 20, 71, 158, 217, 296, 351], [0, 0, 60], [0, 0, 78, 154, 186, 256, 353, 415, 471, 524, 589, 631, 697, 786, 847], [0, 20, 97, 173, 239, 292, 367, 428, 499, 571, 644, 700, 767, 839, 930]]
[[0], [0, 30, 36, 34, 57, 58], [0, 71, 65, 60, 82, 69, 30, 63, 38, 58, 61, 58], [0, 51, 87, 39, 59, 55, 64], [0, 60, 50], [0, 78, 76, 32, 70, 77, 62, 56, 33, 65, 42, 66, 89, 61, 51], [0, 77, 76, 66, 53, 75, 61, 71, 52, 53, 36, 47, 52, 71, 41]]
60
1
456.61000000000007
[]
[[0], [0, 20, 59], [0, 0, 73, 133, 220, 292, 352, 449, 518, 583, 631, 686, 770, 816, 871, 943], [0, 0, 90, 153, 219, 266, 336], [0, 0, 83, 181, 253, 291], [0, 0, 70, 133, 174, 271, 340, 383, 434, 506, 544, 594, 667, 732, 792, 857], [0, 0, 65, 152, 250, 294, 382, 457, 528, 581]]
[[0], [0, 39, 77], [0, 73, 60, 87, 72, 60, 77, 69, 65, 48, 55, 84, 46, 55, 72, 53], [0, 90, 63, 46, 47, 70, 64], [0, 83, 78, 72, 38, 88], [0, 50, 63, 41, 77, 69, 43, 31, 72, 38, 50, 53, 65, 40, 45, 33], [0, 65, 87, 78, 44, 88, 55, 71, 53, 59]]
60
1
466.7400000000001
[(6, 4)]
[[0], [0, 0, 86, 173, 221, 260, 304, 348], [0, 20, 100], [0, 20, 120, 150, 207, 294, 364, 452, 485], [0, 0, 82], [0, 0, 87, 148, 228, 262, 343, 441, 541, 650, 690], [0, 0, 54, 99, 148, 183]]
[[0], [0, 86, 87, 48, 39, 44, 44, 57], [0, 80, 48], [0, 80, 30, 57, 67, 70, 88, 33, 36], [0, 82, 40], [0, 87, 61, 80, 34, 81, 78, 80, 89, 40, 62], [0, 54, 45, 49, 35, 30]]
60
1
263.23999999999995
[(3, 1), (5, 7)]
[[0], [0, 0, 88, 178, 246, 308, 379, 434, 523, 594, 672, 705, 752, 789, 821], [0, 0, 70, 140, 175, 233, 335, 406], [0, 0, 80, 140, 220, 306, 380, 463, 543, 582, 661, 728, 781, 872, 932], [0, 20, 94], [0, 0, 77, 135, 208, 274], [0, 0, 72, 128, 210, 243, 340, 393, 441, 537, 601, 650, 724, 798, 851]]
[[0], [0, 88, 90, 68, 62, 71, 55, 89, 71, 78, 33, 47, 37, 32, 58], [0, 70, 50, 35, 58, 82, 71, 83], [0, 60, 60, 60, 86, 54, 63, 80, 39, 79, 67, 53, 71, 40, 66], [0, 74, 67], [0, 57, 58, 73, 66, 85], [0, 72, 56, 82, 33, 77, 53, 48, 76, 64, 49, 74, 54, 53, 77]]
60
1
440.67000000000013
[(3, 2)]
[[0], [0, 20, 107, 166, 221, 270, 358, 421, 500, 602, 654, 739, 769], [0, 20, 92, 134, 165, 239, 269, 338, 426, 506, 542, 574], [0, 0, 47, 126, 198, 258, 340, 413, 493], [0, 0, 51, 115, 193, 262, 331, 403, 447], [0, 0, 54, 90], [0, 0, 66, 119, 197, 247, 331, 424, 461, 513, 573]]
[[0], [0, 87, 59, 55, 49, 88, 63, 59, 82, 52, 85, 30, 83], [0, 52, 42, 31, 74, 30, 69, 88, 80, 36, 32, 90], [0, 47, 79, 72, 60, 82, 73, 80, 71], [0, 51, 44, 58, 69, 49, 72, 44, 40], [0, 54, 36, 35], [0, 66, 53, 78, 50, 84, 73, 37, 32, 40, 88]]
60
1
386.32000000000016
[(2, 1), (4, 3), (6, 10)]
[[0], [0, 0, 65, 146], [0, 0, 47, 120], [0, 0, 53, 127], [0, 0, 55, 105, 156, 187, 285, 357, 400, 445, 533, 599, 687, 737, 782, 841], [0, 0, 59, 89, 179, 237], [0, 20, 94, 175, 225, 274, 348, 432]]
[[0], [0, 65, 81, 80], [0, 47, 53, 71], [0, 53, 74, 36], [0, 55, 50, 51, 31, 78, 52, 43, 45, 88, 66, 88, 50, 45, 59, 90], [0, 59, 30, 90, 38, 42], [0, 54, 81, 30, 49, 74, 64, 56]]
60
1
265.57
[(4, 6), (6, 1)]
[[0], [0, 0, 77, 157, 226, 304, 355], [0, 0, 34], [0, 0, 57, 126, 188, 248, 303, 393, 482, 543, 582, 692], [0, 0, 78, 132, 183, 222, 289, 380, 441, 471, 517, 548, 596], [0, 0, 66], [0, 20, 113]]
[[0], [0, 57, 80, 69, 78, 51, 49], [0, 34, 80], [0, 57, 69, 62, 60, 55, 70, 89, 41, 39, 90, 63], [0, 58, 54, 51, 39, 47, 71, 61, 30, 46, 31, 48, 56], [0, 66, 32], [0, 73, 72]]
60
1
300.24
[(4, 6), (6, 1)]
[[0], [0, 0, 61, 105, 159, 225, 262, 317, 388, 430, 470, 524, 556], [0, 0, 66, 127], [0, 0, 78, 117, 183, 238], [0, 0, 79, 117, 192, 227, 292, 360], [0, 20, 109, 189, 249, 331, 398, 474, 523, 579], [0, 0, 65]]
[[0], [0, 61, 44, 54, 66, 37, 55, 71, 42, 40, 34, 32, 66], [0, 66, 41, 33], [0, 78, 39, 66, 55, 43], [0, 59, 38, 75, 35, 65, 48, 89], [0, 89, 60, 60, 62, 47, 76, 49, 56, 61], [0, 45, 73]]
60
1
308.7099999999999
[(5, 1)]
[[0], [0, 0, 81, 121, 163, 246, 354, 426, 482], [0, 0, 73, 134, 227, 331, 410, 496, 587, 631, 669, 723, 753, 785, 893, 950], [0, 0, 54, 101, 155, 237, 317, 415, 462, 569, 628, 717], [0, 0, 93, 148, 178, 222, 329, 396, 481, 558, 604, 655, 695], [0, 20, 127], [0, 0, 44]]
[[0], [0, 81, 40, 42, 83, 88, 52, 36, 82], [0, 73, 61, 73, 84, 79, 66, 71, 44, 38, 54, 30, 32, 88, 37, 59], [0, 54, 47, 34, 82, 80, 78, 47, 87, 59, 89, 86], [0, 73, 55, 30, 44, 87, 47, 85, 57, 46, 51, 40, 81], [0, 87, 79], [0, 44, 33]]
60
1
386.59999999999997
[(2, 4), (3, 4), (4, 6), (5, 1)]
[[0], [0, 0, 49, 100, 152, 237], [0, 0, 67], [0, 0, 77, 153, 206, 289, 350, 400, 455, 493, 542, 646, 732, 792, 850, 918], [0, 0, 57, 118, 148, 216, 288, 338, 398, 480, 539, 577], [0, 0, 41, 103, 145], [0, 20, 75, 150, 226]]
[[0], [0, 49, 51, 32, 85, 46], [0, 47, 89], [0, 77, 76, 53, 83, 61, 50, 55, 38, 49, 84, 86, 60, 58, 68, 71], [0, 57, 61, 30, 68, 72, 50, 40, 82, 59, 38, 32], [0, 41, 42, 42, 83], [0, 35, 75, 76, 61]]
60
1
271.91
[(2, 2), (5, 4)]
[[0], [0, 0, 66, 148, 255, 293, 367, 440, 516, 554, 633, 683], [0, 0, 75, 115, 204], [0, 0, 61], [0, 0, 77, 163, 233, 289, 348, 403, 508], [0, 0, 83, 164, 222, 269, 323], [0, 0, 69, 170, 233, 306]]
[[0], [0, 66, 62, 87, 38, 74, 73, 56, 38, 79, 50, 55], [0, 75, 40, 89, 48], [0, 61, 72], [0, 77, 86, 70, 56, 59, 35, 85, 31], [0, 83, 81, 58, 47, 54, 83], [0, 69, 81, 63, 73, 45]]
60
1
297.0800000000001
[]
[[0], [0, 20, 125, 183, 260, 291, 331, 394, 426, 479, 518, 577, 611, 694, 751, 813], [0, 0, 39, 88, 194, 246, 348, 397, 440, 509, 542, 599, 652, 729, 792, 860], [0, 0, 73], [0, 0, 56, 138, 228], [0, 0, 30, 88, 136, 205, 259, 299, 367, 453, 491, 547, 634, 686, 752], [0, 0, 60, 116, 155, 234, 267, 344, 421, 509]]
[[0], [0, 85, 38, 77, 31, 40, 43, 32, 53, 39, 59, 34, 83, 57, 62, 34], [0, 39, 49, 86, 32, 82, 49, 43, 49, 33, 57, 53, 77, 43, 68, 85], [0, 53, 85], [0, 56, 82, 90, 75], [0, 30, 58, 48, 49, 34, 40, 68, 86, 38, 56, 87, 52, 46, 73], [0, 60, 36, 39, 59, 33, 77, 77, 88, 56]]
60
1
387.3099999999999
[(1, 1), (2, 5), (5, 5)]
[[0], [0, 0, 86, 153], [0, 0, 53, 105, 180, 228, 300, 368, 449], [0, 0, 31, 112, 185, 254, 292, 326, 386, 471, 536, 597, 663, 741, 788, 849], [0, 20, 73, 133, 164, 249, 331, 373, 433], [0, 20, 73, 164, 227, 264, 349, 409, 508, 558, 642, 695, 779, 818, 873, 907], [0, 0, 105, 184, 252, 285, 319, 401, 483, 516]]
[[0], [0, 86, 67, 85], [0, 53, 52, 55, 48, 72, 68, 81, 65], [0, 31, 81, 73, 69, 38, 34, 60, 65, 65, 61, 66, 78, 47, 61, 63], [0, 53, 60, 31, 85, 82, 42, 60, 71], [0, 33, 71, 43, 37, 85, 60, 79, 50, 84, 53, 84, 39, 55, 34, 55], [0, 85, 79, 48, 33, 34, 82, 82, 33, 46]]
60
1
454.21000000000004
[(5, 1), (6, 2)]
[[0], [0, 0, 70, 158, 248, 318, 394, 448], [0, 0, 50, 100, 161, 233, 309, 371, 457], [0, 20, 86, 166, 212, 284, 360, 443, 481], [0, 20, 96, 159, 227, 312, 373, 469, 506, 560, 607], [0, 20, 70, 142, 211, 319, 403, 433, 523, 578, 658, 706, 792], [0, 0, 42, 96, 167, 233, 308, 349, 433, 499, 575, 642, 691]]
[[0], [0, 50, 88, 90, 50, 76, 54, 36], [0, 50, 50, 41, 72, 76, 62, 66, 63], [0, 66, 80, 46, 72, 76, 83, 38, 68], [0, 76, 63, 68, 85, 41, 76, 37, 54, 47, 41], [0, 50, 72, 69, 88, 84, 30, 70, 55, 60, 48, 86, 39], [0, 42, 54, 71, 66, 55, 41, 64, 46, 76, 67, 49, 31]]
60
1
538.37
[(4, 6), (5, 1)]
[[0], [0, 0, 82, 166], [0, 0, 103, 158, 220], [0, 0, 62, 99, 185, 215], [0, 0, 75, 146, 206, 294, 373, 459, 531, 617, 651, 751, 824, 910], [0, 0, 70, 135, 203, 286, 358, 430, 505, 615, 654, 748, 805], [0, 0, 85, 124]]
[[0], [0, 82, 84, 81], [0, 83, 55, 62, 77], [0, 62, 37, 86, 30, 35], [0, 55, 71, 60, 68, 79, 66, 72, 86, 34, 80, 73, 86, 33], [0, 70, 45, 68, 83, 72, 72, 55, 90, 39, 74, 37, 86], [0, 85, 39, 90]]
60
1
378.37
[(3, 4), (4, 2), (5, 8)]
[[0], [0, 0, 63, 105, 158, 214, 307, 350, 401, 448, 547, 600, 655, 689, 772, 880], [0, 0, 49, 131, 189], [0, 0, 73, 158, 230], [0, 20, 98, 171], [0, 0, 53], [0, 0, 59]]
[[0], [0, 63, 42, 53, 56, 73, 43, 51, 47, 79, 53, 55, 34, 83, 88, 49], [0, 49, 82, 58, 64], [0, 73, 65, 72, 69], [0, 58, 73, 50], [0, 33, 80], [0, 59, 54]]
60
1
261.04
[(4, 1)]
[[0], [0, 0, 46, 121, 185, 236], [0, 0, 97, 153, 222, 301, 387, 453, 487], [0, 0, 106, 195, 237, 292, 353, 413, 500], [0, 0, 105, 164, 240, 313, 359], [0, 20, 65, 116, 158], [0, 0, 62, 127, 213, 323, 359, 419]]
[[0], [0, 46, 75, 64, 51, 35], [0, 77, 36, 69, 79, 86, 66, 34, 30], [0, 86, 69, 42, 55, 41, 60, 87, 75], [0, 85, 59, 76, 73, 46, 88], [0, 45, 31, 42, 36], [0, 62, 65, 86, 90, 36, 60, 87]]
60
1
309.1100000000001
[(2, 1), (3, 2), (4, 6)]
