[[0], [0, 0, 48, 108, 196], [0, 0, 70, 171, 236, 322, 382], [0, 0, 30, 114, 175, 242, 327], [0, 20, 69, 116, 161, 212, 278, 357], [0, 0, 106, 196, 285, 319, 421], [0, 0, 37, 101, 205, 291, 346]]
[[0], [0, 48, 60, 88, 88], [0, 70, 81, 65, 86, 60, 87], [0, 30, 84, 61, 67, 85, 80], [0, 49, 47, 45, 51, 66, 79, 87], [0, 86, 90, 89, 34, 82, 59], [0, 37, 64, 84, 86, 55, 87]]
60
1
376.59000000000003
[(6, 6)]
[[0], [0, 20, 71, 159, 243, 333, 363, 446, 512, 557], [0, 0, 52, 131, 163, 230, 301, 361, 437], [0, 0, 37, 139], [0, 0, 30, 78, 134, 191], [0, 20, 120, 198], [0, 20, 65, 119]]
[[0], [0, 51, 68, 84, 90, 30, 63, 66, 45, 49], [0, 52, 79, 32, 67, 71, 60, 76, 64], [0, 37, 82, 68], [0, 30, 48, 56, 57, 72], [0, 80, 78, 86], [0, 45, 54, 90]]
60
1
297.93999999999994
[(5, 1)]
[[0], [0, 0, 30, 93, 185, 272, 365, 472, 542], [0, 0, 53, 161, 217, 247, 324], [0, 0, 50, 93], [0, 0, 32, 136, 207], [0, 0, 66, 152, 205, 277, 366], [0, 0, 53]]
[[0], [0, 30, 43, 72, 87, 73, 87, 70, 41], [0, 53, 88, 36, 30, 77, 54], [0, 50, 43, 81], [0, 32, 84, 71, 43], [0, 66, 66, 53, 52, 89, 37], [0, 53, 47]]
60
1
215.70999999999998
[(1, 3), (2, 6)]
[[0], [0, 0, 68, 112, 197, 258, 297, 375, 423, 494, 529], [0, 20, 108, 197, 245], [0, 20, 107, 140, 191, 227, 273, 353, 426], [0, 20, 91, 158, 196, 295, 368, 420, 484, 546], [0, 20, 71, 112, 156, 228, 310], [0, 0, 59, 137, 187, 233, 278]]
[[0], [0, 68, 44, 65, 41, 39, 78, 48, 71, 35, 33], [0, 68, 89, 48, 87], [0, 87, 33, 51, 36, 46, 80, 73, 69], [0, 51, 67, 38, 79, 53, 52, 64, 42, 35], [0, 51, 41, 44, 72, 82, 71], [0, 39, 78, 30, 46, 45, 37]]
60
1
305.08000000000004
[(1, 4), (4, 1), (5, 5)]
[[0], [0, 0, 31, 117, 187, 241, 333, 394], [0, 0, 55, 105, 156, 224, 276, 338, 421, 476, 541], [0, 0, 87, 133, 208], [0, 0, 98, 135, 191, 234, 276, 328, 365], [0, 0, 78, 128, 198, 251], [0, 0, 79]]
[[0], [0, 31, 86, 50, 54, 72, 61, 69], [0, 35, 30, 51, 68, 52, 62, 83, 35, 65, 65], [0, 67, 46, 75, 73], [0, 78, 37, 56, 43, 42, 52, 37, 49], [0, 78, 50, 70, 53, 57], [0, 79, 61]]
60
1
286.79999999999995
[(2, 2)]
[[0], [0, 0, 65, 133, 196, 261, 336, 439], [0, 0, 85, 128, 167], [0, 0, 84, 157, 242, 307], [0, 0, 80, 158, 222, 306], [0, 0, 103, 156, 236, 294, 382, 422, 523, 570], [0, 20, 105, 209, 274, 338, 386, 477, 562]]
[[0], [0, 65, 68, 43, 65, 75, 83, 33], [0, 85, 43, 39, 36], [0, 64, 73, 85, 65, 53], [0, 80, 78, 64, 84, 74], [0, 83, 53, 80, 58, 88, 40, 81, 47, 35], [0, 85, 84, 65, 44, 48, 71, 65, 53]]
60
1
311.10999999999996
[]
[[0], [0, 0, 78, 132], [0, 20, 67], [0, 0, 69, 121, 191], [0, 0, 71, 107, 167, 232, 322, 369, 451, 519], [0, 0, 83, 144, 183, 238, 272, 330, 398, 475], [0, 0, 69, 145]]
[[0], [0, 78, 34, 61], [0, 47, 39], [0, 49, 52, 70, 51], [0, 51, 36, 60, 65, 90, 47, 62, 48, 30], [0, 63, 61, 39, 55, 34, 38, 48, 77, 88], [0, 69, 56, 71]]
60
1
223.40000000000006
[(1, 3)]
[[0], [0, 0, 49, 112, 210, 264, 298, 358, 422], [0, 20, 99, 169, 215, 248, 320, 397, 469, 507, 594], [0, 0, 56, 91, 147, 240, 311, 394], [0, 0, 44, 120, 197], [0, 20, 99, 175, 279, 369], [0, 0, 89, 140, 184, 276, 319, 368]]
[[0], [0, 49, 63, 78, 34, 34, 40, 64, 83], [0, 79, 70, 46, 33, 72, 57, 52, 38, 87, 62], [0, 56, 35, 56, 73, 71, 63, 33], [0, 44, 76, 57, 74], [0, 59, 76, 84, 90, 88], [0, 89, 51, 44, 72, 43, 49, 37]]
60
1
346.01000000000005
[(1, 4), (5, 1)]
[[0], [0, 0, 59, 140, 185, 216], [0, 0, 87, 161, 197, 302, 336, 375, 412], [0, 0, 90, 186, 254, 344, 410, 448, 544], [0, 0, 101, 188, 233, 304, 356], [0, 0, 90], [0, 0, 68, 151, 236, 306, 350, 383, 444, 495]]
[[0], [0, 59, 81, 45, 31, 85], [0, 67, 74, 36, 85, 34, 39, 37, 63], [0, 70, 76, 48, 90, 46, 38, 76, 81], [0, 81, 87, 45, 51, 32, 46], [0, 90, 89], [0, 68, 63, 85, 70, 44, 33, 61, 51, 46]]
60
1
317.99000000000007
[(3, 2)]
[[0], [0, 20, 69, 154, 218, 265, 371, 405, 481, 527], [0, 0, 78, 131, 194, 232, 299, 374, 425, 460, 495], [0, 0, 90, 143, 185, 267, 306], [0, 0, 109], [0, 0, 39, 133, 193], [0, 0, 84, 114, 186, 246, 334, 429, 464, 532, 575]]
[[0], [0, 49, 85, 64, 47, 86, 34, 76, 46, 35], [0, 58, 53, 63, 38, 47, 75, 51, 35, 35, 68], [0, 70, 53, 42, 82, 39, 65], [0, 89, 89], [0, 39, 74, 40, 30], [0, 84, 30, 72, 60, 88, 75, 35, 68, 43, 71]]
60
1
368.5
[]
[[0], [0, 0, 51, 103, 175], [0, 0, 88, 138, 178, 271, 303, 378, 451, 524], [0, 0, 73, 128, 158, 219, 309, 345], [0, 0, 45, 108, 150, 187], [0, 0, 64, 139], [0, 0, 31, 108, 180, 235, 311, 362, 456, 509, 539]]
[[0], [0, 51, 52, 52, 77], [0, 68, 50, 40, 73, 32, 75, 53, 73, 36], [0, 73, 35, 30, 41, 90, 36, 88], [0, 45, 63, 42, 37, 60], [0, 64, 75, 52], [0, 31, 77, 72, 55, 76, 51, 74, 33, 30, 71]]
60
1
296.61
[(4, 5), (6, 10)]
[[0], [0, 0, 86, 145, 211, 258, 326, 395, 470, 552, 606], [0, 0, 110, 179, 248, 331, 373, 446, 549, 630], [0, 0, 41, 78, 168, 210, 297, 343, 386, 420, 469], [0, 0, 69, 166, 199, 263, 352, 417], [0, 0, 41, 114, 180, 264, 342, 408], [0, 0, 94, 129, 216, 294, 349, 400, 475]]
[[0], [0, 86, 59, 46, 47, 68, 49, 75, 82, 34, 75], [0, 90, 69, 49, 83, 42, 73, 83, 81, 55], [0, 41, 37, 90, 42, 87, 46, 43, 34, 49, 73], [0, 49, 77, 33, 64, 89, 65, 41], [0, 41, 53, 66, 64, 78, 66, 75], [0, 74, 35, 67, 78, 35, 31, 75, 31]]
60
1
432.65
[(5, 3)]
[[0], [0, 0, 64, 98, 142, 223, 269, 347, 427, 492, 575], [0, 0, 80, 113, 151], [0, 0, 61], [0, 0, 59, 125, 196, 238, 311, 395, 464, 523, 594], [0, 0, 32, 113, 187], [0, 0, 43, 111, 183, 229]]
[[0], [0, 64, 34, 44, 81, 46, 58, 80, 65, 63, 32], [0, 60, 33, 38, 43], [0, 61, 54], [0, 59, 66, 51, 42, 73, 84, 69, 59, 71, 54], [0, 32, 81, 74, 42], [0, 43, 68, 72, 46, 59]]
60
1
280.18
[(2, 4), (6, 5)]
[[0], [0, 0, 44, 127, 167, 223, 258], [0, 0, 69, 132], [0, 20, 82, 120, 183, 270, 333], [0, 0, 91, 195], [0, 0, 53, 96, 162, 244, 323], [0, 0, 87, 190, 272, 361, 404]]
[[0], [0, 44, 83, 40, 56, 35, 84], [0, 69, 63, 49], [0, 62, 38, 43, 87, 63, 34], [0, 71, 84, 42], [0, 53, 43, 66, 62, 79, 55], [0, 87, 83, 82, 89, 43, 61]]
60
1
268.29
[(3, 6), (4, 3)]
[[0], [0, 0, 90, 152, 193], [0, 0, 48, 117, 180, 263, 340, 414, 496, 573], [0, 0, 83, 123, 218, 280, 337, 415, 468, 533, 623], [0, 0, 90, 186, 249, 297], [0, 0, 77, 150, 208, 290], [0, 0, 91, 168, 233, 280, 353, 429]]
[[0], [0, 90, 62, 41, 38], [0, 48, 69, 63, 63, 77, 54, 82, 57, 41], [0, 63, 40, 75, 62, 57, 78, 53, 65, 90, 41], [0, 90, 76, 63, 48, 63], [0, 77, 73, 58, 62, 42], [0, 71, 57, 65, 47, 73, 76, 59]]
60
1
391.9199999999999
[(3, 2)]
[[0], [0, 0, 39, 93, 136, 226], [0, 0, 82, 116, 194, 229], [0, 0, 47, 109, 151], [0, 0, 85, 140, 213, 296, 375, 441, 481, 534], [0, 0, 89, 164], [0, 0, 44]]
[[0], [0, 39, 54, 43, 90, 83], [0, 82, 34, 58, 35, 32], [0, 47, 62, 42, 72], [0, 85, 55, 53, 83, 79, 46, 40, 53, 73], [0, 89, 75, 70], [0, 44, 53]]
60
1
248.47000000000003
[]
[[0], [0, 0, 56, 161, 200, 259, 296, 362, 412, 479], [0, 0, 84, 194, 281, 327, 396, 471, 579, 665, 768], [0, 20, 63, 147], [0, 0, 85, 117, 158, 247, 336], [0, 0, 71, 149, 237], [0, 20, 116, 205, 286, 384, 480, 547]]
[[0], [0, 36, 85, 39, 39, 37, 66, 50, 67, 39], [0, 84, 90, 67, 46, 69, 75, 88, 66, 83, 33], [0, 43, 84, 49], [0, 85, 32, 41, 69, 89, 62], [0, 71, 58, 68, 57], [0, 76, 89, 61, 78, 76, 47, 84]]
60
1
299.32000000000005
[(1, 2), (2, 3), (6, 4)]
[[0], [0, 0, 52, 136, 185], [0, 0, 89, 158, 228, 269, 360, 403, 483], [0, 20, 66, 119], [0, 20, 88, 130, 189, 276, 346], [0, 20, 75, 131, 206, 292, 397, 450, 537, 620, 711], [0, 0, 36, 100, 136, 221]]
[[0], [0, 52, 84, 49, 48], [0, 89, 49, 70, 41, 71, 43, 80, 54], [0, 46, 53, 67], [0, 68, 42, 59, 87, 70, 59], [0, 55, 56, 75, 86, 85, 53, 67, 83, 71, 71], [0, 36, 64, 36, 85, 61]]
60
1
348.7099999999999
[(3, 3)]
[[0], [0, 20, 102, 160, 242, 305, 372, 439, 495], [0, 0, 84, 136, 211, 268, 327, 360, 444, 508], [0, 0, 65, 112, 197, 228], [0, 0, 79, 173, 225, 319, 427, 465], [0, 0, 51], [0, 0, 32, 67, 121, 167]]
[[0], [0, 62, 58, 82, 63, 47, 67, 56, 44], [0, 84, 52, 75, 37, 59, 33, 84, 64, 32], [0, 65, 47, 65, 31, 65], [0, 79, 74, 52, 74, 88, 38, 34], [0, 51, 54], [0, 32, 35, 54, 46, 84]]
60
1
258.98
[]
[[0], [0, 20, 120, 161, 233, 288, 325, 369], [0, 0, 51, 109, 163, 245, 344, 405, 488], [0, 0, 84, 117, 173], [0, 0, 87, 164, 240, 298, 367, 432, 507], [0, 0, 74, 151, 218, 274, 310, 395, 453, 525], [0, 0, 52]]
[[0], [0, 80, 41, 72, 55, 37, 44, 53], [0, 31, 58, 54, 82, 79, 41, 83, 86], [0, 84, 33, 56, 50], [0, 87, 57, 56, 58, 69, 65, 75, 72], [0, 74, 57, 67, 56, 36, 85, 58, 72, 71], [0, 52, 67]]
60
1
298.78
[(1, 1), (4, 3), (5, 9)]
[[0], [0, 0, 78, 109], [0, 0, 69, 141, 227, 294, 334, 423, 496, 588, 671], [0, 0, 86, 118], [0, 0, 70, 148, 188, 268, 312, 368, 434, 488], [0, 20, 103, 157, 220, 310, 364, 416, 493], [0, 20, 76, 145]]
[[0], [0, 78, 31, 86], [0, 69, 72, 86, 67, 40, 89, 53, 72, 63, 79], [0, 86, 32, 70], [0, 50, 78, 40, 80, 44, 36, 66, 34, 32], [0, 83, 34, 63, 90, 54, 52, 77, 79], [0, 56, 49, 36]]
60
1
258.35
[(2, 10), (4, 9), (5, 1), (6, 3)]
[[0], [0, 0, 41, 93, 198, 244, 312], [0, 0, 42, 127, 205, 236, 281], [0, 0, 59, 112, 184], [0, 0, 62, 131, 189], [0, 0, 52, 96, 150], [0, 20, 101, 189, 232, 288]]
[[0], [0, 41, 32, 85, 46, 68, 78], [0, 42, 85, 78, 31, 45, 45], [0, 59, 53, 72, 63], [0, 42, 69, 38, 71], [0, 52, 44, 54, 63], [0, 81, 88, 43, 56, 90]]
60
1
269.47999999999996
[(1, 6), (4, 4)]
[[0], [0, 0, 52, 141, 203, 259], [0, 0, 71, 168, 247, 349, 419, 451, 526, 599], [0, 0, 66, 96, 155, 228], [0, 20, 108, 196, 273, 358, 396, 482, 563, 626, 665], [0, 20, 102, 150, 206], [0, 0, 36, 109, 187, 261, 351]]
[[0], [0, 32, 89, 62, 56, 79], [0, 71, 77, 79, 82, 50, 32, 55, 53, 42], [0, 66, 30, 59, 73, 55], [0, 88, 88, 77, 65, 38, 66, 61, 63, 39, 48], [0, 82, 48, 56, 44], [0, 36, 73, 58, 74, 70, 51]]
60
1
311.31999999999994
[(2, 3)]
[[0], [0, 0, 44, 79, 145, 175, 259, 333, 411, 517, 597], [0, 0, 44], [0, 0, 56, 141, 228, 315, 403, 455], [0, 20, 80, 154, 216], [0, 0, 87, 168, 228, 280], [0, 0, 77, 158, 195, 285]]
[[0], [0, 44, 35, 66, 30, 84, 74, 78, 86, 60, 55], [0, 44, 30], [0, 56, 65, 87, 87, 88, 52, 52], [0, 40, 74, 62, 45], [0, 87, 61, 60, 52, 37], [0, 77, 81, 37, 90, 65]]
60
1
324.79
[]
[[0], [0, 0, 85, 128, 194, 230], [0, 20, 94, 143, 186, 266, 304, 389, 463], [0, 0, 36, 70], [0, 20, 53, 101], [0, 20, 105, 185, 247, 299], [0, 0, 51]]
[[0], [0, 65, 43, 66, 36, 30], [0, 74, 49, 43, 60, 38, 85, 74, 84], [0, 36, 34, 35], [0, 33, 48, 72], [0, 85, 80, 62, 32, 65], [0, 31, 77]]
60
1
205.70999999999998
[(5, 4)]
[[0], [0, 0, 73, 114, 168], [0, 0, 71, 102, 148, 215, 283, 342, 432], [0, 20, 105, 201, 267, 353, 387, 460], [0, 0, 94, 156, 240, 324, 388, 469, 539], [0, 0, 49, 121], [0, 20, 59, 114, 216]]
[[0], [0, 73, 41, 54, 64], [0, 71, 31, 46, 47, 48, 59, 70, 70], [0, 85, 76, 66, 86, 34, 53, 43], [0, 74, 62, 64, 84, 44, 81, 50, 48], [0, 49, 72, 48], [0, 39, 55, 82, 46]]
60
1
305.37
[(3, 1)]
[[0], [0, 0, 44, 99, 171, 206], [0, 20, 53, 97, 180, 226, 290, 320, 351, 406], [0, 0, 31, 116, 201, 266, 333, 403], [0, 20, 81, 166, 259], [0, 0, 60, 131], [0, 0, 82, 175, 255]]
[[0], [0, 44, 55, 72, 35, 81], [0, 33, 44, 83, 46, 64, 30, 31, 55, 42], [0, 31, 85, 85, 45, 67, 70, 57], [0, 61, 85, 73, 71], [0, 60, 71, 90], [0, 62, 73, 80, 70]]
60
1
295.5700000000001
[(5, 3)]
[[0], [0, 20, 101, 163, 253, 326], [0, 0, 67, 97, 178], [0, 0, 80, 147, 207, 257, 294], [0, 0, 103, 177, 229, 302, 392], [0, 0, 49, 90, 135, 199], [0, 0, 75, 161, 236, 320, 361]]
[[0], [0, 81, 62, 70, 73, 33], [0, 67, 30, 81, 58], [0, 60, 67, 60, 30, 37, 64], [0, 83, 74, 32, 53, 90, 45], [0, 49, 41, 45, 64, 57], [0, 75, 86, 75, 64, 41, 40]]
60
1
213.47999999999996
[(1, 1), (5, 5)]
[[0], [0, 0, 77, 107, 195, 254, 301, 384], [0, 0, 70, 139, 184], [0, 0, 77, 156, 217, 290, 358, 430, 480], [0, 0, 50, 82, 126, 165, 222, 295, 348, 415, 486], [0, 20, 83, 168, 213], [0, 20, 51, 141, 227, 337, 399, 455]]
[[0], [0, 77, 30, 88, 59, 47, 63, 34], [0, 70, 69, 45, 89], [0, 77, 79, 41, 73, 48, 72, 50, 90], [0, 50, 32, 44, 39, 57, 53, 53, 67, 71, 36], [0, 63, 85, 45, 83], [0, 31, 90, 86, 90, 62, 56, 77]]
60
1
392.58
[(3, 4), (4, 10)]
[[0], [0, 0, 35, 92, 173, 211, 268, 318, 364, 444], [0, 0, 38, 127, 184, 270, 305], [0, 20, 112, 192, 253, 321, 399, 437], [0, 0, 32], [0, 0, 61, 171, 231, 273, 307, 390, 445, 484, 545], [0, 0, 73, 133, 169, 238, 320, 384, 446, 522]]
[[0], [0, 35, 37, 61, 38, 57, 30, 46, 80, 38], [0, 38, 89, 57, 86, 35, 89], [0, 72, 80, 41, 68, 78, 38, 33], [0, 32, 90], [0, 61, 90, 60, 42, 34, 63, 55, 39, 61, 30], [0, 73, 60, 36, 49, 62, 64, 62, 76, 53]]
60
1
277.69
[(1, 3), (3, 1), (6, 5)]
