[[0], [0, 0, 49, 91, 195], [0, 0, 52, 105, 141], [0, 20, 58, 130, 202, 261, 323, 422, 462, 520, 551], [0, 20, 54, 103, 192], [0, 0, 85, 146, 195, 230, 260, 341, 373, 445], [0, 0, 64, 100]]
[[0], [0, 49, 42, 84, 70], [0, 52, 53, 36, 51], [0, 38, 72, 72, 59, 42, 79, 40, 38, 31, 66], [0, 34, 49, 69, 49], [0, 85, 61, 49, 35, 30, 81, 32, 52, 43], [0, 64, 36, 84]]
60
3
247.01
[(3, 6)]
[[0], [0, 20, 89, 174, 205, 291, 366, 421, 468, 524, 582], [0, 0, 58], [0, 20, 114, 203, 269], [0, 0, 58, 94, 175, 238, 299, 352, 415, 446], [0, 20, 76, 156, 189, 266, 320, 351, 429, 460], [0, 20, 62, 129]]
[[0], [0, 49, 65, 31, 66, 75, 35, 47, 56, 38, 79], [0, 58, 89], [0, 74, 89, 46, 71], [0, 58, 36, 81, 63, 61, 33, 43, 31, 70], [0, 56, 60, 33, 77, 54, 31, 78, 31, 88], [0, 42, 67, 43]]
60
3
248.82000000000014
[(1, 1), (2, 2), (3, 4), (4, 7), (5, 1)]
[[0], [0, 0, 87, 149, 212, 243, 288, 350], [0, 0, 73, 124, 220, 280, 334, 438, 504, 536, 570], [0, 20, 85, 169, 250, 328, 385, 441, 501, 561, 647], [0, 0, 90, 164, 211, 274, 361, 439, 505], [0, 0, 78, 164, 253, 329], [0, 0, 64, 131, 241, 330, 374, 427, 514]]
[[0], [0, 87, 62, 43, 31, 45, 42, 48], [0, 73, 51, 76, 60, 54, 84, 66, 32, 34, 77], [0, 65, 64, 81, 58, 57, 36, 60, 60, 86, 64], [0, 90, 74, 47, 63, 67, 58, 66, 69], [0, 78, 86, 89, 76, 59], [0, 44, 67, 90, 69, 44, 33, 87, 89]]
60
3
404.9200000000001
[(3, 1), (6, 4)]
[[0], [0, 0, 54, 115, 162, 239, 327, 391], [0, 20, 98, 158, 191, 272, 352, 429, 464], [0, 20, 98, 169, 234], [0, 0, 48, 124, 219, 250], [0, 0, 60, 132, 179, 230, 270, 324, 382, 460, 538], [0, 0, 90, 140]]
[[0], [0, 54, 61, 47, 77, 88, 64, 42], [0, 78, 60, 33, 81, 80, 77, 35, 73], [0, 78, 51, 45, 60], [0, 48, 76, 75, 31, 53], [0, 60, 52, 47, 51, 40, 54, 58, 78, 58, 40], [0, 90, 50, 54]]
60
3
273.47
[]
[[0], [0, 0, 70, 144, 243, 301, 348], [0, 20, 93, 143, 229], [0, 0, 79], [0, 0, 49], [0, 0, 100, 151, 261, 307, 354], [0, 0, 51, 132, 203, 250, 330]]
[[0], [0, 70, 74, 79, 38, 47, 36], [0, 73, 30, 86, 34], [0, 59, 50], [0, 49, 59], [0, 80, 31, 90, 46, 47, 67], [0, 51, 61, 71, 47, 80, 39]]
60
3
212.01
[(3, 2), (4, 2), (5, 1)]
[[0], [0, 20, 97, 149, 226, 283], [0, 20, 108, 158, 245, 337, 381, 447, 518, 608], [0, 0, 40, 119, 191], [0, 20, 87, 170, 203, 243, 324, 395], [0, 0, 70, 174, 255, 286, 322, 374, 414, 467], [0, 0, 52, 117, 158, 215, 250, 302, 346]]
[[0], [0, 77, 52, 77, 37, 65], [0, 88, 50, 67, 72, 44, 66, 51, 90, 41], [0, 40, 79, 72, 79], [0, 47, 83, 33, 40, 81, 71, 65], [0, 70, 84, 81, 31, 36, 32, 40, 53, 40], [0, 52, 65, 41, 37, 35, 52, 44, 66]]
60
3
335.1300000000001
[(2, 4), (4, 1)]
[[0], [0, 0, 76], [0, 0, 62, 120, 210, 289, 325, 385, 453, 534], [0, 0, 78, 162, 249, 347, 432, 497, 540, 619], [0, 0, 48, 147, 228, 317, 363, 426], [0, 0, 72], [0, 0, 32, 110, 180, 269, 307, 396, 437, 488, 555]]
[[0], [0, 76, 70], [0, 62, 58, 90, 79, 36, 40, 68, 81, 69], [0, 58, 84, 67, 78, 85, 65, 43, 79, 76], [0, 48, 79, 81, 89, 46, 63, 70], [0, 72, 78], [0, 32, 78, 70, 89, 38, 89, 41, 51, 67, 39]]
60
3
354.96999999999997
[]
[[0], [0, 20, 88, 168, 198, 231, 279, 388, 448], [0, 20, 92, 200, 233], [0, 20, 91, 132, 208, 270, 338, 371, 417, 506, 601], [0, 20, 98, 136, 192, 263, 333, 426, 461, 506, 576], [0, 0, 62, 111, 198, 236, 310], [0, 0, 99, 141]]
[[0], [0, 68, 80, 30, 33, 48, 89, 60, 39], [0, 52, 88, 33, 84], [0, 71, 41, 56, 62, 68, 33, 46, 89, 75, 61], [0, 78, 38, 56, 51, 50, 73, 35, 45, 70, 83], [0, 62, 49, 87, 38, 74, 50], [0, 79, 42, 63]]
60
3
386.72
[(2, 1), (3, 1), (4, 5)]
[[0], [0, 0, 55, 126, 162, 224, 256, 323], [0, 0, 62, 127], [0, 0, 57, 161, 222, 291], [0, 20, 112, 182, 231, 301], [0, 0, 68, 135], [0, 0, 75, 139, 172, 238, 275, 344, 399, 444]]
[[0], [0, 55, 71, 36, 42, 32, 67, 59], [0, 62, 45, 67], [0, 57, 84, 41, 69, 75], [0, 72, 70, 49, 70, 75], [0, 68, 67, 49], [0, 75, 64, 33, 66, 37, 49, 55, 45, 87]]
60
3
234.7299999999999
[(4, 1)]
[[0], [0, 0, 76, 122, 194, 240, 307, 360, 392, 483], [0, 0, 77], [0, 20, 91, 134, 202, 282, 358, 424, 465, 505, 571], [0, 0, 49, 123, 182, 233, 319, 404, 434, 535, 597], [0, 0, 71, 141], [0, 20, 104, 162]]
[[0], [0, 56, 46, 72, 46, 67, 53, 32, 71, 77], [0, 77, 70], [0, 71, 43, 48, 80, 76, 46, 41, 40, 66, 37], [0, 49, 74, 59, 51, 66, 65, 30, 81, 62, 84], [0, 51, 70, 46], [0, 84, 58, 52]]
60
3
357.05000000000007
[(3, 1), (4, 6), (5, 3)]
[[0], [0, 20, 79, 166], [0, 0, 69, 104, 184, 258, 314], [0, 0, 89, 179, 222, 324], [0, 0, 74, 123, 181, 232, 320, 393, 453], [0, 0, 63, 126, 216, 290, 360, 435, 519, 578, 667], [0, 0, 40, 88, 140, 245]]
[[0], [0, 59, 87, 86], [0, 69, 35, 80, 74, 56, 85], [0, 69, 90, 43, 82, 43], [0, 74, 49, 58, 51, 68, 73, 60, 43], [0, 63, 43, 90, 54, 70, 75, 84, 39, 69, 81], [0, 40, 48, 32, 85, 87]]
60
3
371.9599999999999
[(5, 3)]
[[0], [0, 0, 87, 174, 245, 282, 339, 374], [0, 20, 96, 167], [0, 0, 73, 121, 195, 254, 320], [0, 0, 72, 104, 205, 282, 381, 416, 495, 530, 593], [0, 0, 72, 154], [0, 0, 43, 110, 146, 186, 226, 295]]
[[0], [0, 67, 87, 71, 37, 57, 35, 80], [0, 56, 71, 57], [0, 53, 48, 74, 39, 46, 53], [0, 72, 32, 81, 57, 79, 35, 79, 35, 43, 52], [0, 72, 62, 41], [0, 43, 67, 36, 40, 40, 69, 48]]
60
3
267.42
[(4, 4), (5, 3)]
[[0], [0, 20, 105, 169], [0, 0, 47, 132, 175, 227, 286], [0, 0, 78, 164], [0, 0, 50, 114, 192, 245, 308, 350, 425], [0, 0, 61, 150, 204, 298], [0, 0, 90, 126, 185, 252, 328, 415, 497, 540, 614]]
[[0], [0, 85, 64, 88], [0, 47, 65, 43, 52, 59, 68], [0, 78, 86, 83], [0, 50, 44, 78, 53, 43, 42, 55, 36], [0, 41, 89, 54, 74, 36], [0, 90, 36, 39, 47, 56, 87, 82, 43, 74, 50]]
60
3
249.11
[(6, 4)]
[[0], [0, 20, 57, 142, 209, 246, 331], [0, 0, 74, 158], [0, 0, 67, 108, 185, 240, 326, 427], [0, 0, 51, 143], [0, 0, 53, 115, 204, 257, 363, 465, 550, 650, 704], [0, 0, 70, 148, 213, 260, 336, 412, 476, 553, 662]]
[[0], [0, 37, 85, 67, 37, 85, 58], [0, 74, 84, 71], [0, 67, 41, 57, 55, 86, 81, 30], [0, 51, 72, 64], [0, 53, 62, 89, 53, 86, 82, 85, 80, 54, 77], [0, 50, 58, 65, 47, 76, 76, 44, 77, 89, 35]]
60
3
334.2800000000001
[(5, 6)]
[[0], [0, 20, 105, 194, 244, 344, 417, 459, 511], [0, 0, 58], [0, 0, 62, 171, 252], [0, 0, 52, 117], [0, 0, 73, 155, 239, 321], [0, 20, 92, 198, 274, 331, 411, 476, 533, 564, 657]]
[[0], [0, 65, 89, 30, 80, 53, 42, 52, 43], [0, 58, 31], [0, 42, 89, 81, 36], [0, 52, 65, 62], [0, 53, 82, 64, 62, 49], [0, 72, 86, 56, 57, 80, 65, 37, 31, 73, 67]]
60
3
225.6
[(1, 1), (3, 4), (5, 2)]
[[0], [0, 0, 60, 150, 212, 307, 394, 484, 572, 607, 641], [0, 20, 84, 135, 198, 254], [0, 0, 78, 168, 232, 271, 360, 442, 472, 504], [0, 20, 129, 174, 238, 285, 353, 432], [0, 0, 35, 107, 141, 202, 279, 326, 422, 478], [0, 0, 88, 131, 202]]
[[0], [0, 60, 90, 42, 75, 87, 70, 88, 35, 34, 72], [0, 44, 31, 63, 36, 59], [0, 78, 90, 64, 39, 89, 82, 30, 32, 80], [0, 89, 45, 44, 47, 48, 79, 61], [0, 35, 72, 34, 61, 77, 47, 76, 56, 56], [0, 88, 43, 71, 62]]
60
3
404.3899999999999
[(2, 1), (3, 9), (4, 1)]
[[0], [0, 20, 52, 82, 117, 197, 252], [0, 0, 97, 176, 266, 320, 423, 455, 541, 613, 645], [0, 0, 50, 141, 171, 261, 334, 373, 448, 492], [0, 0, 73], [0, 0, 59, 143, 221, 295, 373, 434, 468, 502, 556], [0, 0, 87, 132, 210, 252, 336, 414]]
[[0], [0, 32, 30, 35, 60, 55, 33], [0, 77, 79, 70, 54, 83, 32, 86, 72, 32, 45], [0, 50, 71, 30, 90, 73, 39, 55, 44, 78], [0, 73, 79], [0, 59, 84, 78, 74, 78, 61, 34, 34, 54, 72], [0, 67, 45, 78, 42, 84, 78, 56]]
60
3
422.26999999999987
[]
[[0], [0, 20, 93, 158, 211, 297, 403], [0, 20, 75, 125, 182], [0, 0, 64, 128, 208, 295, 368, 425, 504, 543, 612], [0, 0, 70, 124, 182], [0, 0, 78, 160, 249, 284, 367, 440, 535], [0, 0, 72, 149]]
[[0], [0, 73, 65, 53, 86, 86, 86], [0, 55, 30, 37, 86], [0, 44, 44, 60, 87, 73, 57, 79, 39, 49, 39], [0, 50, 54, 58, 68], [0, 78, 62, 89, 35, 63, 73, 75, 86], [0, 72, 57, 82]]
60
3
280.65999999999997
[(3, 2), (4, 4), (5, 2), (6, 2)]
[[0], [0, 0, 80], [0, 0, 62, 131, 191, 265, 300, 389, 490, 579, 620], [0, 0, 55, 164, 249, 306, 374, 425], [0, 0, 51, 93, 154, 211, 274, 319, 416, 488, 566], [0, 0, 72, 165, 268, 307, 385], [0, 0, 64]]
[[0], [0, 80, 39], [0, 62, 69, 60, 74, 35, 89, 81, 89, 41, 89], [0, 35, 89, 85, 57, 68, 51, 73], [0, 51, 42, 61, 57, 63, 45, 77, 72, 78, 38], [0, 52, 73, 83, 39, 58, 81], [0, 44, 50]]
60
3
307.84000000000003
[(3, 2), (5, 2)]
[[0], [0, 0, 83, 175, 225, 259, 327, 378, 418, 483], [0, 0, 53, 97, 152, 203, 252, 287, 367, 401, 508], [0, 0, 70, 125, 177, 249, 293, 329, 389, 439], [0, 0, 55, 149], [0, 20, 95, 172, 226, 287, 336, 388, 478, 568, 668], [0, 0, 44, 133, 182]]
[[0], [0, 63, 72, 50, 34, 48, 51, 40, 65, 89], [0, 53, 44, 55, 31, 49, 35, 80, 34, 87, 77], [0, 70, 55, 52, 52, 44, 36, 60, 30, 89], [0, 55, 74, 32], [0, 55, 77, 54, 61, 49, 32, 90, 90, 80, 81], [0, 44, 69, 49, 43]]
60
3
363.15000000000003
[(1, 2), (5, 1)]
[[0], [0, 20, 72, 150, 229, 285, 361, 393], [0, 20, 70, 108, 189, 267, 341, 387, 493], [0, 0, 57, 139, 173, 223, 258, 310, 390], [0, 0, 43, 121, 200, 258, 339, 412], [0, 0, 98], [0, 20, 73, 110, 158]]
[[0], [0, 52, 58, 79, 36, 56, 32, 32], [0, 50, 38, 81, 58, 74, 46, 86, 53], [0, 57, 82, 34, 30, 35, 32, 80, 32], [0, 43, 78, 79, 58, 81, 73, 57], [0, 78, 84], [0, 53, 37, 48, 43]]
60
3
260.06999999999994
[(1, 3), (4, 7)]
[[0], [0, 0, 55, 108, 189, 268, 310], [0, 0, 44, 108, 186, 222], [0, 20, 87, 155, 234, 287, 347, 452], [0, 0, 39, 127, 188, 252, 343], [0, 0, 68, 105, 181, 247, 355, 397, 439], [0, 20, 93, 178, 251, 324, 410, 486, 541, 614]]
[[0], [0, 35, 53, 81, 79, 42, 72], [0, 44, 64, 78, 36, 37], [0, 67, 68, 79, 33, 60, 85, 84], [0, 39, 88, 61, 64, 71, 48], [0, 68, 37, 76, 46, 88, 42, 42, 39], [0, 53, 85, 73, 73, 66, 76, 55, 73, 59]]
60
3
333.9300000000002
[(3, 7), (5, 5), (6, 1)]
[[0], [0, 20, 51, 122], [0, 0, 50, 87, 130, 180], [0, 0, 36, 114, 188, 280, 312], [0, 20, 72, 140, 205, 265], [0, 0, 32, 114, 191, 274, 343], [0, 0, 34, 119, 152, 210, 264]]
[[0], [0, 31, 51, 43], [0, 50, 37, 43, 30, 33], [0, 36, 78, 54, 72, 32, 41], [0, 52, 48, 65, 40, 65], [0, 32, 82, 77, 83, 69, 71], [0, 34, 85, 33, 38, 34, 70]]
60
3
225.66000000000005
[(5, 6)]
[[0], [0, 20, 82, 147, 209, 277, 354, 464, 535, 566, 635], [0, 0, 52, 118, 177, 226, 261, 368, 398, 489], [0, 20, 80, 146, 183, 271], [0, 0, 84, 148, 220, 283], [0, 20, 110, 171], [0, 0, 64, 151, 206, 236, 323, 376]]
[[0], [0, 62, 65, 42, 68, 57, 90, 71, 31, 69, 87], [0, 52, 66, 39, 49, 35, 87, 30, 71, 67], [0, 60, 66, 37, 88, 74], [0, 84, 64, 72, 63, 77], [0, 90, 61, 47], [0, 64, 67, 55, 30, 87, 53, 79]]
60
3
396.5200000000001
[]
[[0], [0, 0, 76], [0, 0, 71, 144, 179, 256, 296], [0, 0, 110, 156, 221, 319], [0, 20, 101, 140, 244], [0, 0, 83, 174, 247, 319, 371, 449, 531], [0, 0, 85, 174, 237, 314, 415]]
[[0], [0, 76, 38], [0, 71, 73, 35, 77, 40, 78], [0, 90, 46, 65, 78, 90], [0, 61, 39, 84, 85], [0, 63, 71, 53, 72, 32, 78, 82, 52], [0, 85, 89, 63, 57, 81, 57]]
60
3
277.93
[]
[[0], [0, 0, 68, 156, 199, 259, 338, 391, 426], [0, 20, 129], [0, 0, 80, 177, 242, 318, 408, 439, 472], [0, 0, 57, 99, 180, 239, 323, 386, 465, 525], [0, 20, 101, 173, 254, 320, 391], [0, 0, 110, 157, 244, 342, 375, 463, 518, 598, 662]]
[[0], [0, 68, 88, 43, 40, 79, 53, 35, 55], [0, 89, 73], [0, 80, 77, 65, 56, 90, 31, 33, 71], [0, 57, 42, 61, 59, 84, 63, 79, 40, 48], [0, 81, 72, 81, 46, 71, 37], [0, 90, 47, 87, 78, 33, 88, 55, 80, 64, 83]]
60
3
411.6999999999999
[(2, 1), (5, 6)]
[[0], [0, 0, 66, 126, 233, 298, 352], [0, 0, 40, 118, 196, 250, 304, 347, 425, 498], [0, 0, 60, 128, 210, 269, 303, 379], [0, 0, 65, 134], [0, 0, 32], [0, 0, 69, 150, 185]]
[[0], [0, 46, 40, 87, 65, 54, 82], [0, 40, 78, 78, 34, 34, 43, 78, 73, 88], [0, 60, 68, 62, 59, 34, 56, 75], [0, 65, 69, 64], [0, 32, 52], [0, 69, 61, 35, 71]]
60
3
233.62
[(2, 5), (3, 7)]
[[0], [0, 0, 82, 169, 227, 272, 328], [0, 0, 76, 155, 198, 275, 310], [0, 0, 48, 82, 121, 193, 274], [0, 0, 51, 139, 200], [0, 20, 59, 136, 202, 288, 326, 406, 459], [0, 0, 93, 168, 201, 260, 335, 372, 452]]
[[0], [0, 82, 87, 58, 45, 56, 77], [0, 56, 79, 43, 57, 35, 74], [0, 48, 34, 39, 72, 61, 46], [0, 51, 88, 61, 52], [0, 39, 57, 66, 86, 38, 80, 53, 32], [0, 73, 75, 33, 39, 55, 37, 80, 83]]
60
3
350.28999999999996
[(3, 6), (5, 1), (6, 5)]
[[0], [0, 20, 80, 174, 212, 252, 324, 422, 464, 556], [0, 0, 80, 147, 233, 301], [0, 0, 78, 152, 193], [0, 0, 49], [0, 0, 32], [0, 0, 37, 110]]
[[0], [0, 60, 74, 38, 40, 72, 78, 42, 72, 82], [0, 80, 67, 66, 68, 69], [0, 78, 54, 41, 31], [0, 49, 86], [0, 32, 34], [0, 37, 73, 53]]
60
3
205.58999999999992
[(1, 1)]
[[0], [0, 0, 70, 147, 213, 280, 357, 416, 450, 524, 601], [0, 0, 80, 167, 208], [0, 0, 54, 138, 212, 269, 322, 361], [0, 20, 51, 141, 231, 319], [0, 0, 63, 124, 192], [0, 0, 87, 146, 198, 277, 350, 428, 509]]
[[0], [0, 50, 57, 46, 67, 77, 59, 34, 74, 57, 76], [0, 80, 67, 41, 68], [0, 34, 84, 54, 57, 53, 39, 41], [0, 31, 90, 90, 88, 39], [0, 43, 61, 68, 83], [0, 87, 59, 52, 79, 73, 78, 61, 50]]
60
3
301.4099999999999
[(3, 2)]
