[[0], [0, 0, 87, 150, 191, 276], [0, 0, 81, 150, 216], [0, 20, 66, 111], [0, 0, 93], [0, 0, 71, 153, 231, 265], [0, 0, 48, 124, 173]]
[[0], [0, 87, 63, 41, 65, 30], [0, 81, 49, 46, 62], [0, 46, 45, 74], [0, 73, 45], [0, 71, 82, 78, 34, 56], [0, 48, 76, 49, 30]]
60
3
187.64000000000001
[(2, 4), (3, 2), (4, 2)]
[[0], [0, 20, 54], [0, 0, 65], [0, 0, 86, 137, 189], [0, 0, 56], [0, 20, 125, 168], [0, 0, 87, 163, 193, 260]]
[[0], [0, 34, 59], [0, 65, 79], [0, 86, 51, 52, 43], [0, 56, 40], [0, 85, 43, 77], [0, 87, 76, 30, 67, 89]]
60
3
156.59
[]
[[0], [0, 0, 74, 150, 191, 286], [0, 20, 98, 158, 210, 295], [0, 0, 79, 141, 233, 307], [0, 0, 84, 138, 206], [0, 20, 51, 145, 213], [0, 0, 89]]
[[0], [0, 74, 76, 41, 75, 71], [0, 78, 60, 52, 85, 48], [0, 59, 62, 72, 74, 63], [0, 64, 34, 68, 49], [0, 31, 74, 48, 49], [0, 89, 63]]
60
3
241.69999999999996
[(4, 1)]
[[0], [0, 20, 102], [0, 0, 66, 152, 213], [0, 0, 70, 133, 242, 322], [0, 0, 78, 133, 204], [0, 0, 62, 125, 180], [0, 0, 85, 187, 279, 317]]
[[0], [0, 82, 78], [0, 66, 86, 61, 90], [0, 70, 63, 89, 80, 41], [0, 58, 55, 71, 60], [0, 62, 43, 55, 31], [0, 85, 82, 72, 38, 54]]
60
3
214.09000000000003
[(2, 4), (6, 5)]
[[0], [0, 0, 86, 128, 182, 252], [0, 0, 76, 131, 180, 210], [0, 0, 84], [0, 20, 92], [0, 20, 82], [0, 0, 82, 127, 214, 248]]
[[0], [0, 86, 42, 54, 70, 62], [0, 76, 35, 49, 30, 79], [0, 64, 55], [0, 72, 56], [0, 62, 89], [0, 82, 45, 87, 34, 80]]
60
3
186.87000000000003
[(5, 1)]
[[0], [0, 0, 31], [0, 0, 77], [0, 20, 116, 226], [0, 0, 62, 109, 162, 195], [0, 0, 74], [0, 0, 36, 102, 157]]
[[0], [0, 31, 51], [0, 77, 84], [0, 76, 90, 80], [0, 62, 47, 53, 33, 85], [0, 74, 78], [0, 36, 46, 35, 40]]
60
3
148.98000000000005
[(3, 1), (6, 4)]
[[0], [0, 20, 81, 154], [0, 0, 46, 139, 210], [0, 0, 47, 110], [0, 20, 108, 178, 220, 266], [0, 0, 67, 125, 189, 219], [0, 0, 59, 124, 177]]
[[0], [0, 61, 53, 43], [0, 46, 73, 71, 81], [0, 47, 63, 83], [0, 88, 70, 42, 46, 39], [0, 47, 58, 44, 30, 30], [0, 59, 65, 53, 60]]
60
3
194.30999999999997
[]
[[0], [0, 0, 79], [0, 20, 58], [0, 0, 33], [0, 0, 59, 106, 185, 265], [0, 0, 35], [0, 0, 36, 94, 166, 256]]
[[0], [0, 59, 63], [0, 38, 40], [0, 33, 46], [0, 59, 47, 59, 80, 87], [0, 35, 78], [0, 36, 58, 72, 90, 44]]
60
3
144.72000000000003
[(3, 2), (5, 2)]
[[0], [0, 0, 94], [0, 0, 67], [0, 20, 83, 120, 182], [0, 0, 76, 154, 243, 324], [0, 20, 63], [0, 0, 61]]
[[0], [0, 74, 74], [0, 67, 84], [0, 43, 37, 62, 51], [0, 76, 78, 89, 81, 69], [0, 43, 79], [0, 61, 58]]
60
3
172.37
[(3, 1)]
[[0], [0, 0, 89, 167, 220], [0, 20, 129], [0, 0, 66, 124], [0, 0, 97], [0, 0, 93, 160, 236, 313], [0, 20, 62, 143, 209]]
[[0], [0, 69, 78, 53, 74], [0, 89, 75], [0, 66, 58, 61], [0, 77, 53], [0, 73, 67, 76, 77, 49], [0, 42, 81, 66, 67]]
60
3
190.89
[]
[[0], [0, 0, 98, 169], [0, 20, 60, 135, 174], [0, 0, 64, 152], [0, 0, 80, 116, 148, 180], [0, 0, 53], [0, 20, 67, 126]]
[[0], [0, 78, 71, 50], [0, 40, 55, 39, 68], [0, 64, 88, 49], [0, 80, 36, 32, 32, 58], [0, 53, 38], [0, 47, 39, 33]]
60
3
141.83
[(1, 3), (2, 4)]
[[0], [0, 0, 64], [0, 0, 73, 126, 180], [0, 0, 82, 121, 192, 277], [0, 0, 60, 91], [0, 0, 50, 139], [0, 0, 31, 74, 119, 202]]
[[0], [0, 64, 53], [0, 73, 53, 54, 78], [0, 62, 39, 71, 65, 57], [0, 60, 31, 71], [0, 30, 89, 72], [0, 31, 43, 45, 83, 55]]
60
3
190.94
[(5, 3)]
[[0], [0, 0, 40], [0, 0, 73], [0, 0, 41], [0, 0, 98, 169], [0, 0, 87], [0, 0, 51, 142, 216, 297]]
[[0], [0, 40, 52], [0, 53, 86], [0, 41, 70], [0, 78, 71, 74], [0, 87, 86], [0, 51, 71, 54, 61, 44]]
60
3
131.45999999999998
[(1, 2), (2, 2), (4, 3), (6, 4)]
[[0], [0, 0, 64, 115, 169], [0, 0, 86, 159], [0, 0, 31, 120, 172], [0, 20, 82, 133], [0, 20, 105, 215], [0, 0, 68, 131]]
[[0], [0, 64, 51, 54, 58], [0, 86, 73, 45], [0, 31, 89, 52, 46], [0, 42, 51, 61], [0, 65, 90, 55], [0, 68, 63, 56]]
60
3
153.80000000000004
[(6, 3)]
[[0], [0, 0, 52, 120], [0, 0, 40, 108, 203, 255], [0, 0, 58, 88], [0, 0, 95, 180], [0, 0, 64, 109], [0, 0, 44, 145]]
[[0], [0, 52, 68, 34], [0, 40, 68, 75, 32, 60], [0, 38, 30, 62], [0, 75, 85, 72], [0, 64, 45, 39], [0, 44, 81, 88]]
60
3
161.10000000000002
[(3, 3), (5, 3)]
[[0], [0, 0, 42], [0, 0, 67, 133, 224], [0, 0, 45, 96, 183], [0, 0, 37, 78, 108], [0, 20, 65, 113], [0, 0, 53, 96]]
[[0], [0, 42, 33], [0, 67, 46, 71, 87], [0, 45, 51, 87, 71], [0, 37, 41, 30, 59], [0, 45, 48, 59], [0, 53, 43, 53]]
60
3
175.99000000000007
[]
[[0], [0, 0, 49, 129], [0, 20, 50, 123, 195, 276], [0, 0, 59, 120, 174], [0, 0, 71], [0, 0, 50, 103, 183], [0, 0, 31, 82]]
[[0], [0, 49, 80, 54], [0, 30, 73, 72, 81, 66], [0, 39, 61, 34, 85], [0, 71, 78], [0, 50, 33, 60, 59], [0, 31, 51, 74]]
60
3
173.19000000000003
[]
[[0], [0, 0, 59, 113, 172, 225], [0, 0, 42, 96], [0, 0, 51, 110, 183], [0, 0, 88, 134], [0, 0, 42, 105, 176], [0, 0, 50, 135]]
[[0], [0, 59, 54, 39, 53, 33], [0, 42, 54, 59], [0, 51, 59, 73, 41], [0, 88, 46, 76], [0, 42, 43, 51, 72], [0, 50, 85, 89]]
60
3
174.51000000000002
[(2, 3)]
[[0], [0, 0, 80, 169, 213], [0, 20, 66], [0, 20, 130, 240, 329], [0, 0, 94, 158], [0, 0, 71], [0, 20, 95]]
[[0], [0, 80, 89, 44, 36], [0, 46, 86], [0, 90, 90, 69, 60], [0, 74, 64, 52], [0, 51, 73], [0, 75, 72]]
60
3
143.73000000000002
[(3, 2), (4, 3)]
[[0], [0, 0, 35], [0, 0, 60, 143], [0, 20, 130, 211], [0, 0, 106, 180, 240, 284], [0, 0, 36], [0, 0, 86, 132]]
[[0], [0, 35, 35], [0, 60, 83, 61], [0, 90, 81, 51], [0, 86, 54, 60, 44, 41], [0, 36, 68], [0, 86, 46, 86]]
60
3
156.32999999999998
[(3, 1), (4, 2)]
[[0], [0, 20, 67, 128, 202], [0, 0, 46, 77, 159, 213], [0, 0, 65, 168, 212], [0, 0, 51, 89, 165, 249], [0, 0, 37, 90], [0, 20, 66, 117, 207, 294]]
[[0], [0, 47, 41, 74, 32], [0, 46, 31, 82, 54, 54], [0, 65, 83, 44, 60], [0, 51, 38, 56, 84, 77], [0, 37, 53, 51], [0, 46, 31, 90, 87, 63]]
60
3
229.30999999999997
[(1, 1), (6, 1)]
[[0], [0, 20, 116, 199, 279], [0, 0, 59, 93, 162], [0, 0, 77, 140], [0, 20, 59, 126], [0, 0, 67, 177, 241], [0, 0, 53]]
[[0], [0, 76, 63, 60, 78], [0, 59, 34, 49, 83], [0, 57, 63, 83], [0, 39, 47, 62], [0, 67, 90, 64, 39], [0, 53, 53]]
60
3
182.54000000000002
[(1, 4), (5, 3)]
[[0], [0, 0, 44], [0, 0, 50, 128, 214, 247], [0, 0, 82, 154], [0, 0, 73, 127], [0, 0, 50], [0, 0, 39]]
[[0], [0, 44, 85], [0, 30, 58, 86, 33, 52], [0, 62, 52, 84], [0, 73, 54, 70], [0, 30, 78], [0, 39, 71]]
60
3
150.68000000000004
[(2, 2)]
[[0], [0, 0, 54], [0, 0, 87, 144], [0, 0, 75, 174, 250, 298], [0, 0, 52, 110, 171, 230], [0, 0, 46, 88], [0, 20, 79]]
[[0], [0, 54, 83], [0, 87, 37, 67], [0, 75, 79, 76, 48, 45], [0, 52, 58, 61, 59, 52], [0, 46, 42, 60], [0, 59, 90]]
60
3
163.47
[(6, 2)]
[[0], [0, 0, 67, 123, 177], [0, 0, 62, 102, 187, 253], [0, 0, 31, 109, 194], [0, 20, 103, 174], [0, 0, 62, 107, 188], [0, 0, 44, 129, 218]]
[[0], [0, 67, 56, 54, 41], [0, 62, 40, 65, 66, 52], [0, 31, 78, 85, 76], [0, 63, 51, 37], [0, 62, 45, 61, 78], [0, 44, 65, 89, 42]]
60
3
212.59000000000003
[(1, 4), (4, 2)]
[[0], [0, 0, 66, 140, 229], [0, 0, 64, 143, 215], [0, 0, 109, 139, 227], [0, 0, 45, 155], [0, 20, 113, 152, 205], [0, 0, 49, 135, 166, 244]]
[[0], [0, 46, 74, 69, 46], [0, 64, 79, 72, 33], [0, 89, 30, 88, 38], [0, 45, 90, 55], [0, 73, 39, 53, 60], [0, 49, 86, 31, 78, 32]]
60
3
189.26
[(4, 3), (5, 1)]
[[0], [0, 0, 57, 127, 158, 232], [0, 0, 62, 147, 237, 321], [0, 0, 77, 131, 193, 245], [0, 0, 87], [0, 0, 58, 94], [0, 20, 105, 189, 244, 323]]
[[0], [0, 57, 70, 31, 74, 58], [0, 62, 65, 90, 84, 70], [0, 57, 54, 42, 52, 69], [0, 87, 67], [0, 58, 36, 64], [0, 65, 84, 55, 79, 69]]
60
3
243.83999999999995
[(6, 1)]
[[0], [0, 0, 82], [0, 0, 40, 148], [0, 0, 33, 104, 186, 274], [0, 0, 84, 165, 253], [0, 20, 101, 173, 235, 307], [0, 20, 66, 100]]
[[0], [0, 82, 42], [0, 40, 88, 42], [0, 33, 51, 82, 88, 48], [0, 84, 61, 88, 82], [0, 61, 72, 42, 72, 52], [0, 46, 34, 72]]
60
3
181.97000000000003
[(5, 2), (6, 3)]
[[0], [0, 0, 62, 108], [0, 0, 39, 121, 154], [0, 20, 91, 160, 210], [0, 0, 53, 123, 177, 249], [0, 20, 106], [0, 0, 58]]
[[0], [0, 62, 46, 54], [0, 39, 62, 33, 42], [0, 51, 69, 50, 71], [0, 53, 70, 34, 72, 49], [0, 86, 58], [0, 58, 58]]
60
3
148.97
[(2, 4), (3, 1), (5, 2)]
[[0], [0, 0, 90, 154], [0, 0, 41], [0, 20, 98, 142, 222, 307], [0, 20, 108, 161, 222, 312], [0, 0, 103, 156, 245, 283], [0, 0, 70, 156, 225, 307]]
[[0], [0, 90, 44, 63], [0, 41, 43], [0, 58, 44, 80, 85, 60], [0, 88, 53, 61, 90, 79], [0, 83, 33, 89, 38, 44], [0, 70, 86, 49, 82, 43]]
60
3
201.89000000000004
[(3, 1), (5, 1), (6, 4)]
