[[0], [0, 20, 72, 130, 234, 278, 329, 415, 455, 517, 557], [0, 0, 68, 126, 200, 246, 300], [0, 0, 81], [0, 0, 64, 144, 203, 264, 341, 386], [0, 0, 56, 143, 230], [0, 0, 96, 139]]
[[0], [0, 32, 58, 84, 44, 51, 86, 40, 62, 40, 46], [0, 68, 38, 74, 46, 54, 59], [0, 81, 59], [0, 44, 80, 59, 61, 77, 45, 74], [0, 36, 87, 87, 32], [0, 76, 43, 76]]
60
8
289.0899999999999
[(1, 1)]
[[0], [0, 0, 45], [0, 0, 78], [0, 0, 43, 94, 162], [0, 0, 86, 185, 219, 276, 307, 369, 418, 489], [0, 20, 110, 172, 263, 320, 354, 442], [0, 0, 64, 119, 169]]
[[0], [0, 45, 56], [0, 78, 30], [0, 43, 51, 68, 65], [0, 86, 79, 34, 57, 31, 42, 49, 71, 47], [0, 70, 62, 71, 57, 34, 88, 41], [0, 64, 55, 50, 68]]
60
8
199.45000000000002
[(5, 1)]
[[0], [0, 0, 32, 104, 184, 235], [0, 20, 110], [0, 0, 36], [0, 0, 109, 154], [0, 20, 79, 133, 188, 271], [0, 0, 74, 112, 202, 306, 348, 383, 435, 478]]
[[0], [0, 32, 72, 80, 51, 43], [0, 90, 88], [0, 36, 56], [0, 89, 45, 54], [0, 39, 54, 55, 63, 72], [0, 74, 38, 90, 84, 42, 35, 32, 43, 71]]
60
8
199.68000000000004
[(5, 1)]
[[0], [0, 20, 97, 160, 215, 289, 377, 430, 496, 570, 618], [0, 0, 66, 135, 190, 250, 313, 370, 462, 501, 561], [0, 20, 103, 156, 189, 224], [0, 0, 82, 184, 251, 358, 390, 472, 511, 551, 650], [0, 20, 108, 156, 203, 264], [0, 0, 49, 88, 146, 215, 288, 363, 446]]
[[0], [0, 77, 63, 55, 74, 68, 53, 66, 54, 48, 38], [0, 66, 69, 35, 60, 63, 37, 72, 39, 40, 85], [0, 83, 33, 33, 35, 47], [0, 82, 82, 67, 87, 32, 82, 39, 40, 79, 34], [0, 88, 48, 47, 61, 51], [0, 49, 39, 58, 49, 73, 75, 83, 84]]
60
8
366.49000000000007
[]
[[0], [0, 0, 55, 128, 158, 217, 277, 376], [0, 0, 90], [0, 0, 68, 107, 215, 305, 386, 476, 511, 547, 578], [0, 0, 72, 121, 160, 239, 315, 354], [0, 20, 105, 157, 192], [0, 0, 85, 183]]
[[0], [0, 55, 73, 30, 39, 60, 79, 42], [0, 90, 38], [0, 48, 39, 88, 90, 61, 90, 35, 36, 31, 90], [0, 72, 49, 39, 79, 76, 39, 50], [0, 85, 52, 35, 64], [0, 85, 78, 90]]
60
8
278.28999999999996
[(1, 7), (2, 2), (3, 2), (6, 3)]
[[0], [0, 0, 85, 127], [0, 20, 79, 124, 203, 254, 317], [0, 0, 89, 143, 226], [0, 0, 41, 103, 133, 166, 234, 264], [0, 20, 52, 107, 184, 225, 321, 369, 456, 514], [0, 0, 33, 120, 221, 312, 352, 442]]
[[0], [0, 65, 42, 84], [0, 59, 45, 79, 31, 63, 52], [0, 69, 54, 83, 61], [0, 41, 42, 30, 33, 68, 30, 61], [0, 32, 35, 77, 41, 76, 48, 87, 58, 78], [0, 33, 87, 81, 71, 40, 70, 44]]
60
8
264.38
[]
[[0], [0, 0, 35, 98, 176, 250, 303, 372, 437, 524, 593], [0, 20, 110, 168, 248, 324, 374, 436, 473, 526], [0, 20, 87, 163, 197, 267, 325, 400, 485, 541, 609], [0, 20, 127, 170, 266, 299, 377, 413, 456, 546, 627], [0, 0, 50, 138, 188, 278, 350, 424, 514, 567], [0, 0, 35, 103, 174]]
[[0], [0, 35, 63, 78, 74, 53, 69, 65, 87, 69, 77], [0, 90, 58, 80, 56, 50, 62, 37, 33, 71], [0, 67, 76, 34, 70, 38, 75, 85, 56, 48, 45], [0, 87, 43, 76, 33, 78, 36, 43, 90, 61, 86], [0, 50, 68, 30, 70, 72, 74, 90, 33, 61], [0, 35, 48, 51, 42]]
60
8
450.66999999999996
[(3, 1), (4, 1), (5, 3)]
[[0], [0, 0, 46, 104, 173, 267, 299, 367, 402], [0, 20, 51, 97, 202, 262, 337, 390], [0, 20, 104, 173, 233], [0, 0, 76, 119], [0, 0, 98, 155, 201, 261, 357, 407, 462], [0, 0, 68, 157]]
[[0], [0, 46, 58, 49, 74, 32, 68, 35, 58], [0, 31, 46, 85, 40, 75, 53, 85], [0, 84, 49, 60, 44], [0, 76, 43, 84], [0, 78, 57, 46, 60, 76, 50, 35, 57], [0, 48, 69, 82]]
60
8
248.3200000000001
[(1, 4), (2, 4), (3, 4)]
[[0], [0, 0, 31, 98], [0, 0, 85, 130], [0, 0, 68, 151, 194, 274, 337], [0, 0, 88, 120, 170, 207, 270, 347, 395], [0, 0, 34, 125, 156, 237], [0, 0, 68]]
[[0], [0, 31, 67, 78], [0, 65, 45, 38], [0, 68, 83, 43, 60, 43, 53], [0, 88, 32, 50, 37, 63, 77, 48, 85], [0, 34, 71, 31, 81, 55], [0, 68, 90]]
60
8
239.79
[(2, 2)]
[[0], [0, 0, 44, 103, 204, 265, 354, 410, 489, 546], [0, 0, 102, 134, 164], [0, 20, 51, 137, 199, 279], [0, 20, 72, 158, 254, 308], [0, 20, 86, 176, 251, 339, 422, 453, 505, 550], [0, 0, 74, 117, 220, 286, 325, 423, 487, 584, 648]]
[[0], [0, 44, 39, 81, 61, 89, 56, 79, 57, 86], [0, 82, 32, 30, 71], [0, 31, 86, 62, 60, 76], [0, 32, 86, 76, 54, 79], [0, 46, 90, 75, 88, 83, 31, 52, 45, 61], [0, 54, 43, 83, 66, 39, 78, 64, 77, 64, 34]]
60
8
319.1300000000001
[(1, 3), (4, 1), (5, 1), (6, 2)]
[[0], [0, 0, 30, 117, 195], [0, 20, 87, 178], [0, 20, 90, 128], [0, 0, 60, 134, 232, 264, 344, 387, 460], [0, 0, 77, 139, 228, 305, 360, 392], [0, 20, 84, 135, 204, 285, 379, 436, 521]]
[[0], [0, 30, 87, 78, 86], [0, 67, 71, 57], [0, 70, 38, 47], [0, 60, 54, 78, 32, 80, 43, 53, 46], [0, 77, 42, 89, 77, 55, 32, 47], [0, 64, 51, 49, 61, 74, 37, 85, 35]]
60
8
241.19000000000003
[(4, 3), (6, 4)]
[[0], [0, 20, 115, 185, 253, 297, 376, 438, 527, 590, 665], [0, 0, 69, 151, 229, 259, 293], [0, 0, 50, 110], [0, 0, 95, 138, 197], [0, 20, 71], [0, 0, 71, 119, 174, 265, 296, 334, 401, 433, 491]]
[[0], [0, 75, 70, 68, 44, 79, 62, 89, 63, 75, 53], [0, 69, 82, 58, 30, 34, 35], [0, 50, 60, 79], [0, 75, 43, 39, 61], [0, 51, 30], [0, 71, 48, 55, 71, 31, 38, 67, 32, 38, 62]]
60
8
252.02999999999997
[(1, 1)]
[[0], [0, 20, 91, 181, 266, 333, 442, 520, 573, 622], [0, 0, 92, 143, 190, 242, 286], [0, 20, 66, 149, 192, 234, 267, 328, 391, 476, 540], [0, 0, 40, 105, 155, 262, 307, 377, 438, 468], [0, 0, 77, 156, 236, 305, 345], [0, 0, 87, 152, 210]]
[[0], [0, 71, 90, 85, 47, 89, 78, 53, 49, 77], [0, 72, 51, 47, 32, 44, 55], [0, 46, 83, 43, 42, 33, 41, 63, 85, 64, 65], [0, 40, 65, 30, 87, 45, 70, 61, 30, 82], [0, 57, 79, 60, 69, 40, 84], [0, 87, 65, 38, 88]]
60
8
368.99
[(1, 5), (2, 2), (4, 4)]
[[0], [0, 20, 62, 106, 181, 232, 302, 349, 435, 517, 625], [0, 0, 41], [0, 0, 59, 101], [0, 0, 45], [0, 20, 99], [0, 20, 112, 163, 200, 296, 361, 417, 493, 553, 624]]
[[0], [0, 42, 44, 75, 51, 70, 47, 86, 82, 88, 82], [0, 41, 40], [0, 59, 42, 62], [0, 45, 68], [0, 79, 63], [0, 72, 51, 37, 76, 65, 36, 76, 60, 71, 47]]
60
8
165.2100000000001
[(2, 2), (4, 2), (6, 1)]
[[0], [0, 0, 78, 131], [0, 0, 48, 119, 193], [0, 20, 108, 161, 212, 318, 420, 510, 587, 651], [0, 20, 60, 127, 176, 246], [0, 0, 106, 187, 240, 293, 330], [0, 0, 88, 145, 252, 310]]
[[0], [0, 78, 33, 52], [0, 48, 71, 74, 35], [0, 88, 33, 31, 86, 82, 70, 77, 64, 64], [0, 40, 67, 49, 70, 74], [0, 86, 61, 53, 53, 37, 40], [0, 88, 57, 87, 38, 65]]
60
8
251.01000000000005
[(3, 1)]
[[0], [0, 0, 82, 137, 182, 266, 335, 392, 451, 537], [0, 0, 68, 171, 233, 318, 370, 419, 474], [0, 20, 88, 144, 182, 228, 279], [0, 20, 73, 108], [0, 0, 92, 128, 179, 242, 346, 401, 467, 512], [0, 20, 116, 195, 280, 383, 451, 539, 623, 719]]
[[0], [0, 82, 55, 45, 64, 69, 37, 59, 86, 44], [0, 68, 83, 62, 85, 52, 49, 55, 54], [0, 48, 36, 38, 46, 31, 77], [0, 33, 35, 68], [0, 72, 36, 51, 63, 84, 55, 66, 45, 33], [0, 76, 79, 65, 83, 48, 88, 84, 76, 58]]
60
8
368.47999999999996
[(1, 7), (3, 1), (6, 1)]
[[0], [0, 0, 94, 167, 230, 268, 330, 409, 450, 504], [0, 0, 51, 130, 161, 270, 330, 400, 454, 500, 576], [0, 0, 73, 160, 248, 311, 361, 411], [0, 0, 73, 118, 192], [0, 0, 67, 137, 186, 239, 320, 392, 422, 499, 600], [0, 0, 48, 110, 174, 264, 294, 377, 415, 492, 573]]
[[0], [0, 74, 73, 43, 38, 42, 79, 41, 54, 77], [0, 51, 79, 31, 89, 60, 70, 54, 46, 56, 39], [0, 73, 87, 88, 63, 50, 50, 61], [0, 73, 45, 74, 47], [0, 47, 70, 49, 53, 81, 52, 30, 77, 81, 46], [0, 48, 62, 64, 90, 30, 63, 38, 77, 81, 84]]
60
8
386.2500000000001
[(1, 2), (4, 3)]
[[0], [0, 0, 56, 141, 203], [0, 0, 52, 124, 173, 222, 283, 367, 420, 477], [0, 0, 34, 91, 175], [0, 0, 41, 124, 188, 271, 355, 403, 494, 576, 659], [0, 0, 78, 150, 188, 266, 374, 444, 525, 595], [0, 20, 130, 221, 274, 328, 361, 409, 487, 546]]
[[0], [0, 56, 85, 62, 53], [0, 52, 72, 49, 49, 61, 84, 53, 37, 90], [0, 34, 37, 84, 86], [0, 41, 83, 64, 83, 84, 48, 71, 82, 83, 88], [0, 78, 72, 38, 58, 88, 70, 81, 70, 35], [0, 90, 71, 53, 34, 33, 48, 78, 59, 68]]
60
8
402.27
[(5, 5), (6, 1)]
[[0], [0, 0, 52, 142, 232, 309], [0, 20, 102, 178, 227], [0, 20, 82, 123, 196, 257, 325, 365], [0, 0, 72, 121, 190, 265, 347, 415], [0, 0, 69, 155, 251, 322], [0, 0, 63]]
[[0], [0, 32, 90, 90, 57, 53], [0, 82, 76, 49, 47], [0, 62, 41, 73, 61, 68, 40, 46], [0, 72, 49, 49, 75, 82, 68, 71], [0, 69, 86, 76, 71, 75], [0, 63, 88]]
60
8
265.83
[]
[[0], [0, 0, 40, 99, 196, 247, 311, 391, 479, 519, 574], [0, 0, 86], [0, 0, 52, 142, 230, 311, 351, 404, 479, 565], [0, 20, 84, 148, 230, 315], [0, 0, 80, 155, 186, 259, 354, 392], [0, 0, 103]]
[[0], [0, 40, 59, 77, 51, 44, 80, 88, 40, 55, 88], [0, 86, 78], [0, 52, 70, 68, 81, 40, 53, 75, 86, 31], [0, 64, 64, 82, 85, 81], [0, 80, 55, 31, 53, 75, 38, 65], [0, 83, 34]]
60
8
369.25
[(1, 4), (3, 3), (6, 2)]
[[0], [0, 20, 92, 183, 255, 302, 381, 442, 528, 598], [0, 0, 89, 123, 225, 293, 375, 448], [0, 20, 102, 190, 259, 313, 389, 446, 513, 586], [0, 0, 58, 115, 182], [0, 0, 79, 152, 225, 310, 390, 476, 528, 578], [0, 0, 51, 117, 172, 247, 312, 369, 426, 506, 584]]
[[0], [0, 72, 71, 52, 47, 79, 61, 66, 70, 52], [0, 89, 34, 82, 68, 82, 73, 39], [0, 82, 88, 69, 34, 76, 37, 47, 73, 58], [0, 58, 57, 67, 46], [0, 79, 73, 53, 85, 80, 86, 52, 50, 38], [0, 51, 46, 55, 75, 45, 57, 57, 80, 78, 54]]
60
8
447.89000000000004
[(1, 3), (3, 7)]
[[0], [0, 0, 46, 127, 185, 272, 340, 377, 462, 521], [0, 0, 66, 154, 230], [0, 0, 88, 126], [0, 0, 109, 160, 245, 319, 353, 391], [0, 0, 68], [0, 0, 61, 103, 172, 223, 330, 393]]
[[0], [0, 46, 81, 58, 87, 48, 37, 85, 59, 48], [0, 46, 88, 76, 75], [0, 88, 38, 62], [0, 89, 31, 85, 54, 34, 38, 82], [0, 48, 43], [0, 61, 42, 49, 51, 87, 63, 74]]
60
8
287.5
[(3, 3), (4, 2), (6, 4)]
[[0], [0, 0, 70, 167, 261], [0, 0, 59, 135, 206, 282, 312, 376], [0, 0, 79, 118, 204, 252, 311, 352, 413], [0, 20, 51, 127, 212, 280, 343, 424, 481], [0, 0, 67, 145, 213, 256, 311, 347, 422, 466], [0, 0, 47, 132]]
[[0], [0, 70, 77, 74, 84], [0, 59, 76, 71, 76, 30, 44, 41], [0, 79, 39, 86, 48, 59, 41, 61, 80], [0, 31, 76, 85, 68, 63, 81, 57, 85], [0, 67, 78, 68, 43, 35, 36, 75, 44, 73], [0, 47, 85, 39]]
60
8
322.52999999999986
[(1, 4)]
[[0], [0, 0, 63, 94, 190, 280, 388, 447, 518, 555, 617], [0, 0, 86, 137, 187], [0, 0, 48], [0, 0, 55], [0, 0, 67], [0, 0, 55, 138, 237, 271, 335, 416, 517]]
[[0], [0, 63, 31, 76, 90, 88, 59, 71, 37, 42, 39], [0, 86, 51, 30, 61], [0, 48, 33], [0, 35, 81], [0, 67, 67], [0, 55, 83, 79, 34, 64, 81, 81, 88]]
60
8
250.99000000000004
[(1, 4), (4, 2), (5, 2)]
[[0], [0, 0, 32, 78, 141], [0, 0, 62], [0, 0, 78, 123, 216, 325, 376, 451, 512], [0, 0, 69], [0, 0, 71, 151, 227, 284], [0, 0, 84, 141, 194, 231]]
[[0], [0, 32, 46, 63, 81], [0, 62, 31], [0, 78, 45, 73, 89, 51, 75, 61, 42], [0, 69, 62], [0, 71, 80, 76, 57, 55], [0, 84, 37, 53, 37, 55]]
60
8
241.16000000000003
[]
[[0], [0, 0, 44, 128, 206, 259, 307, 388, 456, 527, 565], [0, 20, 119, 190, 251, 293, 355, 423], [0, 0, 63, 137], [0, 0, 67, 104], [0, 20, 61], [0, 0, 75, 142, 216, 248, 320, 365, 455]]
[[0], [0, 44, 84, 78, 33, 48, 61, 68, 71, 38, 62], [0, 79, 71, 61, 42, 62, 68, 82], [0, 43, 74, 54], [0, 47, 37, 39], [0, 41, 45], [0, 75, 67, 74, 32, 72, 45, 70, 74]]
60
8
251.95999999999992
[(1, 5), (2, 1)]
[[0], [0, 0, 34, 83, 166, 272, 317, 391], [0, 20, 61, 145, 217, 295, 378, 440, 521, 553, 652], [0, 0, 86, 118, 181], [0, 20, 107, 192, 241, 320, 360], [0, 20, 62, 154, 206], [0, 20, 110, 150, 239, 276, 333, 436]]
[[0], [0, 34, 49, 63, 86, 45, 74, 59], [0, 41, 84, 72, 78, 83, 42, 81, 32, 79, 67], [0, 86, 32, 63, 43], [0, 87, 85, 49, 59, 40, 32], [0, 42, 72, 52, 48], [0, 90, 40, 69, 37, 37, 83, 69]]
60
8
352.68
[(1, 4), (5, 4)]
[[0], [0, 0, 90], [0, 0, 57, 145, 233, 277, 312, 370, 452, 488], [0, 0, 68, 139, 189, 270, 319], [0, 0, 32, 74, 120, 183, 261, 298], [0, 20, 79, 119], [0, 0, 60, 109, 180, 257]]
[[0], [0, 70, 42], [0, 57, 88, 68, 44, 35, 58, 82, 36, 83], [0, 68, 71, 50, 81, 49, 34], [0, 32, 42, 46, 63, 78, 37, 62], [0, 39, 40, 72], [0, 60, 49, 71, 77, 40]]
60
8
262.15
[(5, 1)]
[[0], [0, 0, 45, 79, 134, 192], [0, 20, 79, 122, 205, 248, 334, 415, 504, 557, 620], [0, 20, 92], [0, 0, 36, 107, 154, 199, 301, 405], [0, 0, 74], [0, 0, 71, 123, 194, 256, 351, 433, 517, 579]]
[[0], [0, 45, 34, 55, 58, 63], [0, 39, 43, 83, 43, 86, 81, 69, 33, 43, 80], [0, 72, 90], [0, 36, 71, 47, 45, 82, 84, 88], [0, 74, 73], [0, 71, 32, 71, 62, 75, 82, 84, 62, 44]]
60
8
278.11000000000007
[(2, 1), (4, 6)]
[[0], [0, 20, 51, 113, 200, 288, 366, 423, 481, 549, 613], [0, 0, 38, 97, 143, 209, 243, 316, 357, 423, 476], [0, 0, 77, 121, 159], [0, 20, 51, 93], [0, 0, 31, 92, 181, 257, 317, 386, 455, 523, 583], [0, 0, 67, 144, 181, 232, 312, 345]]
[[0], [0, 31, 62, 87, 88, 78, 57, 58, 48, 64, 62], [0, 38, 39, 46, 66, 34, 53, 41, 66, 53, 82], [0, 77, 44, 38, 78], [0, 31, 42, 59], [0, 31, 61, 89, 56, 60, 69, 69, 68, 60, 56], [0, 67, 77, 37, 51, 80, 33, 38]]
60
8
329.17999999999995
[(2, 10), (3, 4)]
