[[0], [0, 0, 39, 115, 192, 278, 342, 375], [0, 0, 108, 177, 246, 350, 385, 488, 543, 581, 618, 706, 774, 830, 880], [0, 20, 74, 155], [0, 20, 84, 125, 168, 239, 270, 319, 413], [0, 0, 58, 129, 216, 266, 320, 429, 502, 555, 626, 725, 814, 874, 963], [0, 20, 71, 126, 187, 264, 357, 391, 424, 459, 501, 563, 629]]
[[0], [0, 39, 56, 57, 86, 44, 33, 76], [0, 88, 49, 69, 84, 35, 83, 55, 38, 37, 88, 68, 56, 50, 56], [0, 34, 61, 58], [0, 64, 41, 43, 71, 31, 49, 74, 53], [0, 58, 51, 67, 30, 54, 89, 53, 33, 71, 79, 89, 60, 89, 75], [0, 31, 55, 41, 77, 73, 34, 33, 35, 42, 62, 66, 59]]
60
3
337.55
[(1, 3), (2, 2), (6, 1)]
[[0], [0, 0, 45, 154, 239, 269, 304], [0, 0, 32, 85, 129, 236, 317, 347, 380, 439, 518, 554, 613, 694], [0, 20, 111], [0, 0, 83, 149, 227, 312, 364, 452, 496, 590, 679, 765, 800, 878, 952, 985], [0, 20, 103, 174, 273, 328, 388], [0, 0, 34, 137]]
[[0], [0, 45, 89, 85, 30, 35, 79], [0, 32, 53, 44, 87, 81, 30, 33, 59, 79, 36, 59, 61, 72], [0, 71, 58], [0, 83, 66, 78, 85, 52, 88, 44, 74, 89, 86, 35, 78, 74, 33, 71], [0, 83, 71, 79, 35, 40, 48], [0, 34, 83, 63]]
60
3
478.82000000000005
[(5, 6)]
[[0], [0, 0, 67], [0, 0, 60, 118, 153, 204, 262, 350, 422, 494], [0, 0, 37, 85, 138, 194, 273, 310, 353], [0, 0, 106, 192, 257, 290, 342, 392, 443, 533, 573, 643, 720, 823], [0, 0, 90, 122, 191], [0, 20, 97, 173, 223, 288]]
[[0], [0, 67, 30], [0, 60, 58, 35, 51, 58, 88, 52, 52, 89], [0, 37, 48, 53, 36, 79, 37, 43, 47], [0, 86, 66, 65, 33, 32, 50, 51, 90, 40, 70, 77, 83, 54], [0, 70, 32, 49, 81], [0, 77, 76, 50, 45, 39]]
60
3
336.92
[(4, 2)]
[[0], [0, 0, 82, 115, 202, 261, 300, 409, 511, 596, 631, 718], [0, 0, 102, 136, 185, 217, 293, 350, 423, 513, 620, 651], [0, 0, 35, 87, 150, 237, 286, 339, 407, 468, 541, 642], [0, 0, 83, 130], [0, 0, 31, 90], [0, 0, 46, 103, 188, 284, 321, 378, 438, 472, 569]]
[[0], [0, 82, 33, 87, 59, 39, 89, 82, 85, 35, 87, 66], [0, 82, 34, 49, 32, 76, 37, 73, 90, 87, 31, 49], [0, 35, 52, 63, 87, 49, 53, 68, 61, 53, 81, 80], [0, 83, 47, 46], [0, 31, 59, 82], [0, 46, 57, 85, 76, 37, 57, 40, 34, 77, 59]]
60
3
364.98
[(4, 3)]
[[0], [0, 0, 79, 116, 195, 253], [0, 0, 80, 122, 181, 235, 271, 332], [0, 20, 65, 118, 204, 243, 332, 440, 538, 598, 684, 726, 791], [0, 0, 57, 107, 195, 256, 333, 430, 511, 565, 638, 724, 792, 880, 971, 1011], [0, 0, 60], [0, 20, 64, 139, 227, 275, 342, 425, 493, 543, 622, 684, 730, 811, 901]]
[[0], [0, 79, 37, 79, 38, 54], [0, 60, 42, 59, 54, 36, 61, 43], [0, 45, 53, 66, 39, 69, 88, 78, 60, 86, 42, 45, 32], [0, 57, 50, 88, 61, 77, 77, 61, 54, 73, 86, 68, 88, 71, 40, 46], [0, 60, 67], [0, 44, 75, 68, 48, 67, 83, 68, 30, 79, 62, 46, 81, 90, 57]]
60
3
443.83
[(3, 6), (4, 7)]
[[0], [0, 0, 59, 109, 168, 216, 276, 333, 406, 460, 503, 545, 594], [0, 0, 54, 108, 173, 237, 313, 377, 407, 445, 505, 575], [0, 0, 60, 122, 160, 249, 310, 373, 416, 458, 568, 613], [0, 0, 81, 170, 241, 295, 345, 438, 527, 584, 650], [0, 20, 59], [0, 0, 78, 179, 271, 302, 409, 461, 493, 536, 590]]
[[0], [0, 39, 50, 39, 48, 60, 57, 73, 34, 43, 42, 49, 44], [0, 54, 34, 65, 64, 76, 64, 30, 38, 60, 70, 90], [0, 60, 42, 38, 89, 61, 43, 43, 42, 90, 45, 61], [0, 81, 89, 71, 54, 50, 73, 89, 57, 46, 74], [0, 39, 72], [0, 58, 81, 72, 31, 87, 32, 32, 43, 54, 52]]
60
3
411.73999999999995
[(1, 2), (6, 2)]
[[0], [0, 0, 34, 121, 157, 196, 259], [0, 20, 97, 198, 241, 282, 323, 387, 432, 502, 597, 654, 706, 786], [0, 0, 76, 113, 162, 215, 267, 323, 388, 474, 511, 596], [0, 0, 78, 117, 163, 225, 298, 378, 417], [0, 0, 56, 138, 222, 307, 362], [0, 0, 62, 154, 189, 260, 291, 322, 411, 493, 542, 617]]
[[0], [0, 34, 87, 36, 39, 63, 50], [0, 77, 81, 43, 41, 41, 64, 45, 70, 75, 57, 32, 80, 74], [0, 56, 37, 49, 53, 52, 56, 45, 86, 37, 85, 56], [0, 78, 39, 46, 62, 73, 60, 39, 51], [0, 36, 82, 84, 85, 55, 68], [0, 62, 72, 35, 51, 31, 31, 89, 62, 49, 75, 54]]
60
3
421.1499999999998
[(2, 1), (5, 6)]
[[0], [0, 0, 76], [0, 0, 71, 145, 176, 260, 343, 399, 484, 555, 637], [0, 0, 93, 127, 181, 244, 275, 348, 408, 446, 536, 593, 678, 754], [0, 0, 64, 109, 142, 183, 271, 344, 432, 503, 575, 645, 711, 792, 830], [0, 0, 57, 144, 218, 256, 291, 358, 435, 473, 520, 572], [0, 0, 68, 146, 227, 277, 358, 406, 476, 546]]
[[0], [0, 76, 61], [0, 71, 54, 31, 64, 83, 36, 85, 71, 82, 76], [0, 73, 34, 34, 63, 31, 73, 60, 38, 70, 57, 85, 76, 78], [0, 64, 45, 33, 41, 88, 73, 88, 71, 52, 50, 66, 61, 38, 60], [0, 37, 87, 74, 38, 35, 67, 77, 38, 47, 52, 77], [0, 68, 58, 81, 50, 81, 48, 70, 70, 46]]
60
3
454.30000000000007
[(2, 3), (3, 1)]
[[0], [0, 0, 45, 84, 158, 209, 293, 377, 453, 516, 567, 648], [0, 0, 74, 143, 207, 287, 364], [0, 0, 32, 105, 176, 209, 289, 370, 423, 485, 557], [0, 0, 32, 72, 141, 225, 323, 409, 490, 575, 627, 695, 801, 847], [0, 0, 79, 126, 215, 260, 315, 400, 447, 524], [0, 0, 40, 125, 163, 208, 314, 353, 437, 492, 536, 571, 650]]
[[0], [0, 45, 39, 74, 51, 84, 84, 76, 63, 51, 81, 80], [0, 74, 69, 64, 80, 77, 46], [0, 32, 53, 71, 33, 80, 81, 53, 62, 72, 53], [0, 32, 40, 69, 84, 78, 66, 81, 85, 52, 68, 86, 46, 57], [0, 79, 47, 89, 45, 35, 85, 47, 77, 87], [0, 40, 65, 38, 45, 86, 39, 84, 55, 44, 35, 59, 42]]
60
3
518.5100000000001
[(4, 5), (6, 3)]
[[0], [0, 0, 90, 177], [0, 0, 54, 84], [0, 0, 63, 97, 141], [0, 0, 110, 152, 242, 330, 401, 491, 581, 625, 691], [0, 0, 78], [0, 0, 44, 90, 172, 262, 350, 399, 454, 530]]
[[0], [0, 90, 67, 79], [0, 54, 30, 32], [0, 63, 34, 44, 62], [0, 90, 42, 70, 88, 71, 70, 70, 44, 66, 32], [0, 78, 43], [0, 44, 46, 62, 90, 88, 49, 55, 76, 53]]
60
3
238.38
[(4, 2)]
[[0], [0, 0, 85, 149, 181, 261], [0, 20, 108, 181, 234, 273, 323, 392], [0, 20, 103, 135, 177, 250, 323, 423, 493, 530, 590, 626, 703, 782, 832], [0, 0, 77, 150, 214, 244, 324, 392, 430, 491, 566, 651, 730], [0, 0, 36, 110, 197, 287, 375, 463, 506, 582, 645, 696, 778, 825], [0, 0, 62, 120, 201, 284, 324]]
[[0], [0, 85, 44, 32, 80, 90], [0, 68, 73, 53, 39, 30, 69, 31], [0, 83, 32, 42, 73, 73, 80, 70, 37, 60, 36, 57, 79, 30, 80], [0, 77, 73, 44, 30, 80, 48, 38, 61, 75, 85, 79, 54], [0, 36, 74, 87, 70, 88, 68, 43, 56, 63, 31, 82, 47, 72], [0, 62, 38, 81, 63, 40, 43]]
60
3
468.41999999999996
[(4, 4), (5, 5)]
[[0], [0, 0, 68], [0, 0, 59, 89, 167, 223], [0, 20, 109, 189, 220, 264, 315, 351, 438, 515, 568, 620, 671], [0, 20, 65, 106, 194], [0, 0, 80, 148, 216, 297, 397, 468, 517, 615, 654, 715, 794, 850, 932, 995], [0, 20, 105, 167, 223, 301, 364, 454, 508, 597, 690, 748, 801, 886, 973, 1043]]
[[0], [0, 68, 66], [0, 39, 30, 78, 56, 33], [0, 89, 80, 31, 44, 51, 36, 87, 57, 53, 52, 51, 62], [0, 45, 41, 88, 89], [0, 60, 68, 68, 61, 80, 51, 49, 78, 39, 41, 79, 56, 82, 63, 69], [0, 85, 62, 56, 78, 43, 70, 54, 89, 73, 58, 33, 85, 87, 70, 40]]
60
3
401.0900000000001
[(1, 2), (5, 5), (6, 5)]
[[0], [0, 0, 110, 194, 274, 359, 415, 452, 526, 635, 715, 752], [0, 0, 77, 111, 171, 249, 319, 384, 470, 522, 572, 626, 688, 749], [0, 20, 79, 139, 179, 239, 321, 356, 393, 469, 536, 614], [0, 0, 49, 112], [0, 0, 69, 107], [0, 0, 100, 149, 212, 279, 321]]
[[0], [0, 90, 84, 60, 65, 56, 37, 54, 89, 80, 37, 73], [0, 57, 34, 60, 58, 50, 65, 66, 32, 50, 54, 62, 61, 90], [0, 59, 60, 40, 60, 82, 35, 37, 56, 67, 78, 45], [0, 49, 43, 33], [0, 69, 38, 33], [0, 80, 49, 63, 67, 42, 72]]
60
3
333.7800000000001
[(1, 4), (2, 5), (5, 3)]
[[0], [0, 0, 69, 116, 216, 271, 343, 409, 464, 517], [0, 0, 71, 110, 180, 218, 302], [0, 0, 104, 137, 189, 263, 334, 420, 530, 620, 688, 779], [0, 0, 45, 87, 124, 194], [0, 20, 85, 175, 214, 285], [0, 20, 89, 121, 202, 233, 321, 374]]
[[0], [0, 69, 47, 80, 55, 72, 66, 55, 53, 62], [0, 51, 39, 70, 38, 84, 54], [0, 84, 33, 52, 74, 71, 66, 90, 90, 48, 71, 56], [0, 45, 42, 37, 50, 81], [0, 65, 90, 39, 71, 69], [0, 49, 32, 81, 31, 88, 53, 58]]
60
3
345.98999999999995
[(3, 7)]
[[0], [0, 0, 80, 176, 285, 358], [0, 0, 63, 108], [0, 0, 38], [0, 0, 81, 158], [0, 0, 73, 132, 165, 246, 322, 403, 466, 567, 652, 758, 794], [0, 0, 37, 87, 166, 235, 320, 396, 488, 575, 657, 747, 828, 905, 945]]
[[0], [0, 60, 76, 89, 73, 86], [0, 63, 45, 83], [0, 38, 80], [0, 81, 77, 57], [0, 53, 39, 33, 81, 76, 61, 63, 81, 65, 86, 36, 56], [0, 37, 30, 79, 69, 85, 76, 72, 87, 82, 90, 81, 77, 40, 67]]
60
3
313.11
[(1, 5), (3, 2), (5, 2), (6, 3)]
[[0], [0, 20, 109], [0, 20, 76, 158, 241, 314], [0, 0, 81, 111, 186, 285, 339, 411, 473, 565, 668, 727, 782, 849], [0, 20, 106], [0, 0, 54, 91, 162, 202, 271, 358, 430], [0, 20, 93, 169, 240, 308, 343, 440, 504, 585, 670]]
[[0], [0, 89, 49], [0, 56, 82, 83, 53, 48], [0, 81, 30, 75, 79, 34, 72, 62, 72, 83, 39, 55, 67, 58], [0, 86, 89], [0, 54, 37, 71, 40, 69, 67, 52, 30], [0, 73, 76, 71, 68, 35, 77, 64, 61, 85, 82]]
60
3
319.40999999999997
[(2, 5), (3, 5)]
[[0], [0, 0, 102, 182, 261, 332, 375, 432, 480, 554], [0, 20, 87, 127, 170, 268, 347, 412, 467, 553, 605, 689, 752], [0, 20, 95, 181, 216, 306, 368, 456, 562, 626, 680, 762, 852], [0, 20, 112, 179, 259, 321, 391, 479, 547, 605, 654], [0, 0, 103, 192, 228], [0, 20, 54, 147, 255, 310, 354, 405, 439]]
[[0], [0, 82, 80, 79, 51, 43, 57, 48, 54, 82], [0, 47, 40, 43, 78, 59, 65, 55, 86, 52, 64, 63, 75], [0, 75, 86, 35, 90, 62, 88, 86, 64, 34, 62, 70, 73], [0, 72, 67, 80, 62, 70, 88, 48, 38, 49, 90], [0, 83, 89, 36, 62], [0, 34, 73, 88, 35, 44, 51, 34, 55]]
60
3
437.49
[(2, 1), (6, 4)]
[[0], [0, 0, 62, 106, 139, 197, 251, 313, 378, 477, 559, 622, 698, 785, 816, 876], [0, 20, 76, 151, 244, 286], [0, 20, 119, 192, 258, 288, 380], [0, 20, 54, 108, 168, 241, 278, 363, 444], [0, 0, 54, 120, 203], [0, 0, 51, 111, 187, 218]]
[[0], [0, 62, 44, 33, 58, 54, 62, 45, 79, 82, 63, 76, 87, 31, 60, 45], [0, 56, 75, 73, 42, 74], [0, 79, 73, 66, 30, 72, 50], [0, 34, 54, 40, 73, 37, 65, 81, 42], [0, 54, 66, 63, 85], [0, 51, 60, 76, 31, 79]]
60
3
329.66999999999996
[(1, 8), (3, 1)]
[[0], [0, 0, 38, 104, 156, 235, 297, 349, 413, 457, 514, 602, 710, 782, 867, 915], [0, 0, 33, 118, 204, 260, 343], [0, 20, 106, 181, 257, 301, 368, 437, 507, 575], [0, 0, 105, 196, 264, 301, 348, 401, 457, 539, 569, 646, 698], [0, 0, 62, 149, 227, 271], [0, 0, 60, 112, 142, 180, 254, 340, 379]]
[[0], [0, 38, 66, 52, 79, 42, 32, 64, 44, 57, 88, 88, 72, 85, 48, 43], [0, 33, 85, 86, 56, 83, 62], [0, 66, 75, 76, 44, 67, 69, 50, 68, 71], [0, 85, 71, 68, 37, 47, 33, 56, 82, 30, 77, 52, 78], [0, 42, 87, 78, 44, 41], [0, 40, 52, 30, 38, 74, 86, 39, 37]]
60
3
370.02000000000004
[(1, 6), (4, 2)]
[[0], [0, 0, 44, 90, 144, 189, 235, 266, 337, 399, 466, 567], [0, 20, 77, 146], [0, 0, 39], [0, 0, 94, 157, 211, 278, 331, 403, 455, 524, 560, 663, 763, 809], [0, 0, 68, 117, 180, 245, 279, 373, 442, 512, 548, 627], [0, 0, 64, 133, 184, 215, 270, 351, 423, 510, 600]]
[[0], [0, 44, 46, 54, 45, 46, 31, 71, 42, 67, 81, 44], [0, 37, 69, 60], [0, 39, 85], [0, 74, 63, 54, 67, 33, 52, 52, 69, 36, 83, 80, 46, 35], [0, 68, 49, 63, 65, 34, 74, 69, 70, 36, 79, 64], [0, 44, 69, 51, 31, 55, 81, 72, 87, 90, 30]]
60
3
480.31
[(6, 10)]
[[0], [0, 0, 107, 140, 219, 302, 367, 411, 453, 505, 570, 613, 695], [0, 0, 105, 150, 211, 299, 366, 443], [0, 0, 77, 131], [0, 20, 97, 154, 216, 270, 323, 356, 420], [0, 0, 80, 182, 220, 296, 357, 429, 481, 511], [0, 0, 83, 168, 257, 347, 428, 459, 540, 636, 685, 766, 839]]
[[0], [0, 87, 33, 79, 83, 65, 44, 42, 52, 65, 43, 62, 38], [0, 85, 45, 61, 88, 67, 57, 49], [0, 77, 34, 30], [0, 77, 57, 62, 54, 53, 33, 64, 76], [0, 80, 82, 38, 76, 41, 72, 52, 30, 63], [0, 83, 85, 89, 70, 81, 31, 81, 76, 49, 81, 73, 45]]
60
3
492.9799999999999
[]
[[0], [0, 0, 58], [0, 20, 81], [0, 0, 88, 139, 212, 257, 298, 380, 460, 539, 578], [0, 0, 89, 176], [0, 0, 77, 107, 139, 190, 234, 275], [0, 0, 72, 155, 217, 301, 383, 443, 537, 639, 680, 757, 810]]
[[0], [0, 38, 87], [0, 41, 32], [0, 88, 51, 73, 45, 41, 82, 80, 59, 39, 77], [0, 89, 87, 87], [0, 77, 30, 32, 51, 44, 41, 43], [0, 72, 83, 62, 84, 82, 60, 74, 82, 41, 77, 53, 33]]
60
3
315.9
[(2, 1), (4, 3), (6, 8)]
[[0], [0, 20, 93, 176, 208, 295, 379, 468, 560, 638, 686, 752, 824, 879], [0, 0, 104], [0, 0, 31, 111, 173, 253], [0, 0, 58, 128, 211, 261], [0, 0, 110], [0, 0, 60, 90, 139, 188, 265, 355, 428, 460]]
[[0], [0, 73, 83, 32, 87, 84, 69, 72, 78, 48, 66, 72, 55, 39], [0, 84, 88], [0, 31, 80, 62, 80, 53], [0, 38, 70, 63, 50, 65], [0, 90, 34], [0, 60, 30, 49, 49, 77, 90, 53, 32, 81]]
60
3
324.74999999999994
[(1, 7)]
[[0], [0, 20, 81, 127, 192, 235, 299, 382, 491, 544, 596, 650, 681, 738, 804], [0, 0, 65, 161, 242, 294, 330, 375, 410, 504, 547], [0, 20, 96, 145, 229, 279, 365, 418], [0, 20, 68, 136, 196, 303], [0, 20, 84], [0, 0, 76, 118]]
[[0], [0, 61, 46, 65, 43, 64, 83, 89, 53, 52, 34, 31, 37, 66, 54], [0, 65, 76, 81, 32, 36, 45, 35, 74, 43, 68], [0, 76, 49, 64, 50, 66, 53, 59], [0, 48, 48, 60, 87, 38], [0, 64, 63], [0, 76, 42, 87]]
60
3
337.79999999999995
[(5, 2)]
[[0], [0, 20, 90], [0, 0, 48], [0, 0, 70, 141, 230, 309, 368, 437, 489, 547, 596, 648, 733], [0, 0, 67, 127, 182, 243, 312, 399, 455, 491], [0, 0, 76, 152, 197, 257, 330, 415, 517, 559, 611, 682, 758], [0, 0, 54, 96]]
[[0], [0, 70, 46], [0, 48, 40], [0, 70, 71, 89, 79, 59, 69, 52, 58, 49, 52, 65, 77], [0, 47, 60, 55, 41, 69, 87, 36, 36, 33], [0, 76, 56, 45, 40, 73, 85, 82, 42, 52, 71, 76, 32], [0, 54, 42, 60]]
60
3
337.52
[]
[[0], [0, 0, 99, 170, 225, 257, 293, 339, 403, 469, 506, 568, 627, 702], [0, 0, 49, 102, 140, 221, 252, 305, 394, 459, 504, 561, 662, 702], [0, 0, 61, 117, 192, 298, 387, 468], [0, 0, 37, 68, 117, 195], [0, 0, 61, 135, 241, 329, 392, 428, 483, 532, 628, 698, 777, 871], [0, 0, 77, 160, 247, 313, 381, 455, 497, 586, 676]]
[[0], [0, 79, 71, 55, 32, 36, 46, 44, 66, 37, 42, 59, 75, 53], [0, 49, 53, 38, 81, 31, 53, 89, 65, 45, 57, 81, 40, 40], [0, 61, 36, 75, 86, 89, 61, 67], [0, 37, 31, 49, 78, 72], [0, 41, 54, 86, 68, 63, 36, 55, 49, 76, 50, 79, 74, 40], [0, 77, 83, 87, 66, 48, 74, 42, 69, 90, 62]]
60
3
444.46000000000004
[(5, 2)]
[[0], [0, 20, 95, 169, 207, 257, 316, 352, 397, 462, 537, 573, 620], [0, 0, 65, 99, 181, 279, 354, 385, 473, 531, 616, 651, 695, 774, 852, 938], [0, 0, 41, 90, 138, 202, 261, 309, 399, 431, 473, 556, 598, 629, 721, 793], [0, 20, 51, 132, 185, 255, 285, 376, 464, 546], [0, 0, 84, 129, 205, 281, 380, 431, 505, 593, 640, 698], [0, 20, 67, 140, 191, 248, 283, 372, 450, 480, 553, 597, 627, 702, 754, 806]]
[[0], [0, 75, 74, 38, 30, 39, 36, 45, 65, 75, 36, 47, 72], [0, 45, 34, 62, 78, 75, 31, 88, 58, 85, 35, 44, 79, 78, 86, 46], [0, 41, 49, 48, 64, 39, 48, 90, 32, 42, 63, 42, 31, 72, 72, 66], [0, 31, 81, 53, 70, 30, 71, 88, 82, 56], [0, 84, 45, 56, 76, 79, 51, 74, 88, 47, 58, 54], [0, 47, 73, 51, 57, 35, 69, 78, 30, 73, 44, 30, 55, 32, 32, 32]]
60
3
535.24
[(1, 5), (2, 4), (3, 11), (5, 4)]
[[0], [0, 0, 62, 121, 200], [0, 0, 45, 96, 172, 205, 242, 301, 346, 428, 516, 577], [0, 0, 59, 116, 168], [0, 20, 106, 143], [0, 0, 37, 72, 133, 204, 273, 349, 432, 518, 580, 633], [0, 0, 36]]
[[0], [0, 62, 39, 79, 66], [0, 45, 51, 76, 33, 37, 59, 45, 82, 88, 61, 42], [0, 59, 57, 52, 65], [0, 86, 37, 75], [0, 37, 35, 61, 71, 49, 76, 83, 66, 62, 53, 44], [0, 36, 39]]
60
3
242.71
[(1, 4)]
[[0], [0, 0, 94, 141, 236, 301, 332, 422, 458, 512, 576, 635, 716, 777], [0, 0, 59], [0, 0, 38, 133, 191, 253, 337, 377], [0, 0, 40, 117, 178, 212, 299, 381, 427, 489, 559, 594, 660, 709, 745], [0, 0, 42, 114, 171, 244, 312, 376, 407, 438, 535, 592], [0, 0, 72, 127, 203, 251, 289, 363, 435, 490, 525, 592, 650, 698]]
[[0], [0, 74, 47, 75, 65, 31, 90, 36, 54, 64, 59, 61, 61, 87], [0, 39, 32], [0, 38, 75, 58, 42, 84, 40, 48], [0, 40, 77, 41, 34, 87, 82, 46, 42, 70, 35, 66, 49, 36, 44], [0, 42, 52, 57, 73, 68, 44, 31, 31, 77, 57, 65], [0, 72, 55, 56, 48, 38, 74, 72, 35, 35, 67, 58, 48, 35]]
60
3
447.20000000000005
[(1, 2), (2, 2)]
[[0], [0, 0, 38, 94, 149], [0, 0, 95, 139, 224, 258, 363, 416, 480, 560, 621, 677, 715, 748], [0, 20, 105, 169, 212], [0, 0, 68, 110, 193, 261, 349, 429, 481], [0, 0, 39, 116], [0, 0, 57]]
[[0], [0, 38, 36, 55, 67], [0, 75, 44, 85, 34, 85, 53, 64, 80, 61, 36, 38, 33, 61], [0, 85, 64, 43, 45], [0, 68, 42, 83, 48, 88, 60, 32, 47], [0, 39, 77, 30], [0, 57, 33]]
60
3
291.5999999999999
[(2, 2), (4, 7)]
