[[0], [0, 0, 91, 144], [0, 20, 101], [0, 0, 36, 120, 202, 309], [0, 0, 66, 134, 243, 335, 420, 475, 505, 579, 639, 695, 770, 809, 866, 941], [0, 0, 64, 174, 255], [0, 0, 63, 135, 194, 248, 316, 346, 379, 417, 463, 546, 579, 665, 774]]
[[0], [0, 71, 53, 43], [0, 81, 74], [0, 36, 84, 82, 87, 44], [0, 66, 68, 89, 72, 85, 55, 30, 74, 60, 56, 75, 39, 57, 75, 46], [0, 64, 90, 81, 80], [0, 63, 72, 59, 54, 68, 30, 33, 38, 46, 83, 33, 86, 89, 69]]
60
8
318.43999999999994
[(2, 1), (4, 4)]
[[0], [0, 0, 60, 119, 166, 223, 273, 350, 438, 525, 632, 738, 812], [0, 0, 69, 119, 203, 291, 357, 405], [0, 20, 75, 158, 212, 269, 353, 424, 477, 515, 605, 705], [0, 0, 90, 179, 259], [0, 0, 55, 143, 224, 269, 315, 367, 473, 539, 585, 654, 716, 776], [0, 0, 62, 114, 160, 222, 302, 386, 451, 488, 581, 649, 705, 777]]
[[0], [0, 40, 59, 47, 57, 50, 77, 88, 67, 87, 86, 74, 80], [0, 49, 30, 84, 68, 66, 48, 69], [0, 35, 83, 54, 57, 64, 71, 33, 38, 90, 80, 51], [0, 90, 89, 80, 77], [0, 55, 68, 61, 45, 46, 52, 86, 46, 46, 69, 62, 60, 85], [0, 62, 52, 46, 62, 60, 84, 65, 37, 73, 68, 56, 72, 51]]
60
8
485.17999999999995
[(2, 2), (3, 1), (5, 8)]
[[0], [0, 0, 57, 151, 195, 261, 311, 373, 446, 524], [0, 0, 64, 104, 173, 232, 277, 336, 404, 465, 510, 585, 659, 761, 824], [0, 0, 65, 143, 229, 299, 400, 487, 534, 598, 653], [0, 0, 56, 110, 195, 302, 366, 452, 555, 644, 737], [0, 0, 52, 91, 175, 227, 291, 373], [0, 0, 75, 166]]
[[0], [0, 57, 74, 44, 66, 50, 62, 53, 78, 30], [0, 44, 40, 69, 39, 45, 59, 68, 61, 45, 75, 54, 82, 63, 47], [0, 65, 78, 86, 70, 81, 87, 47, 44, 55, 64], [0, 56, 54, 85, 87, 64, 86, 83, 89, 73, 32], [0, 52, 39, 64, 52, 64, 82, 77], [0, 75, 71, 79]]
60
8
489.84
[(2, 2), (4, 8)]
[[0], [0, 0, 61], [0, 0, 56, 118, 208, 271, 343, 377, 466, 518, 594, 633, 673], [0, 0, 32, 104, 157, 207, 298, 365, 414, 471, 536, 579, 669], [0, 0, 76, 120, 163, 254, 318, 349, 396, 473, 556, 634], [0, 0, 32, 105], [0, 0, 62, 139, 210, 295, 397, 487, 551, 644, 723, 804, 851, 890]]
[[0], [0, 61, 88], [0, 36, 42, 70, 63, 72, 34, 89, 32, 76, 39, 40, 74], [0, 32, 72, 53, 50, 71, 67, 49, 57, 65, 43, 90, 43], [0, 76, 44, 43, 71, 64, 31, 47, 77, 83, 58, 60], [0, 32, 73, 44], [0, 42, 77, 71, 85, 82, 90, 44, 73, 79, 81, 47, 39, 89]]
60
8
390.2500000000001
[(1, 1), (2, 2), (4, 11), (5, 3)]
[[0], [0, 0, 55, 114, 168, 252, 336, 376, 432, 489, 555, 631, 682], [0, 0, 54, 136, 208, 274, 318, 389, 449, 501, 585, 656, 725, 809], [0, 0, 78, 160, 220, 251], [0, 0, 59], [0, 20, 74, 121, 152, 249, 313, 398, 485, 590, 678], [0, 0, 84, 145, 215, 299, 332]]
[[0], [0, 55, 59, 54, 64, 84, 40, 36, 57, 66, 76, 51, 46], [0, 54, 82, 72, 46, 44, 71, 60, 52, 84, 71, 69, 64, 85], [0, 58, 82, 40, 31, 85], [0, 59, 39], [0, 34, 47, 31, 77, 64, 85, 67, 85, 88, 35], [0, 84, 41, 70, 64, 33, 45]]
60
8
385.00000000000006
[(5, 1), (6, 6)]
[[0], [0, 0, 67, 110, 183], [0, 0, 86, 142, 188, 267, 326, 405, 450, 540, 604, 639], [0, 0, 59, 112, 179, 219, 272, 339, 413, 495, 584], [0, 0, 90, 152, 229, 297, 343, 395, 448, 529, 589], [0, 0, 56, 130, 219, 279, 364], [0, 0, 86, 117, 180, 286, 371, 427, 472, 545, 606, 650, 728]]
[[0], [0, 67, 43, 73, 64], [0, 66, 56, 46, 79, 59, 79, 45, 90, 64, 35, 40], [0, 59, 33, 67, 40, 33, 67, 74, 82, 69, 47], [0, 90, 62, 77, 68, 46, 32, 53, 61, 60, 37], [0, 56, 54, 89, 60, 65, 60], [0, 86, 31, 43, 86, 85, 36, 45, 73, 61, 44, 78, 44]]
60
8
453.8999999999999
[(1, 4), (3, 3), (6, 4)]
[[0], [0, 0, 66, 127, 215, 261, 325, 361, 449, 509, 598], [0, 0, 38, 69, 113, 200, 247, 280, 314, 393, 470, 529, 619, 695, 733, 795], [0, 20, 88, 127], [0, 0, 62, 141, 222, 264, 330, 370, 409, 511, 561, 644], [0, 0, 47, 82], [0, 0, 57, 154, 206, 272, 347, 404, 448]]
[[0], [0, 66, 61, 88, 46, 44, 36, 88, 40, 89, 82], [0, 38, 31, 44, 87, 47, 33, 34, 79, 77, 39, 90, 76, 38, 62, 51], [0, 68, 39, 63], [0, 62, 79, 81, 42, 46, 40, 39, 82, 50, 83, 30], [0, 47, 35, 77], [0, 37, 77, 32, 66, 75, 37, 44, 79]]
60
8
375.30000000000007
[(6, 2)]
[[0], [0, 0, 110, 154, 227, 319, 403, 462, 557, 602, 672, 730, 785, 822], [0, 20, 53, 84, 150, 233, 297, 365, 416, 491, 574, 646, 708], [0, 20, 56, 131, 194, 276, 350, 431, 493, 550, 650, 736], [0, 0, 63, 145, 202], [0, 20, 57, 120, 208, 311, 372, 482, 513, 593, 676, 733, 818, 873, 940, 1030], [0, 0, 31, 121, 184, 271, 342]]
[[0], [0, 90, 44, 73, 72, 64, 59, 75, 45, 70, 58, 55, 37, 36], [0, 33, 31, 66, 83, 44, 68, 31, 75, 63, 72, 42, 39], [0, 36, 75, 63, 82, 54, 81, 42, 57, 80, 86, 33], [0, 63, 82, 57, 59], [0, 37, 63, 88, 83, 41, 90, 31, 80, 83, 57, 65, 55, 67, 70, 44], [0, 31, 90, 43, 87, 71, 46]]
60
8
494.4399999999999
[(1, 5), (2, 6), (3, 6), (5, 5)]
[[0], [0, 0, 69, 142, 182, 223, 277, 333, 421], [0, 0, 70, 138, 186, 236], [0, 0, 63, 111, 199, 240, 325, 409, 497, 560], [0, 0, 53, 83, 136, 200, 269, 329, 383, 474, 514, 620], [0, 0, 73, 149, 193, 264, 329, 382, 455, 536, 622, 697], [0, 0, 62, 113, 202, 250, 328, 393, 464, 555, 615, 674, 724, 772, 803, 876]]
[[0], [0, 69, 73, 40, 41, 54, 56, 68, 68], [0, 50, 68, 48, 50, 85], [0, 63, 48, 68, 41, 85, 84, 68, 63, 59], [0, 53, 30, 53, 64, 49, 60, 34, 71, 40, 86, 56], [0, 53, 56, 44, 71, 65, 33, 73, 81, 86, 75, 70], [0, 62, 31, 69, 48, 78, 65, 71, 71, 40, 39, 50, 48, 31, 73, 31]]
60
8
451.1200000000001
[(4, 8), (5, 2), (6, 3)]
[[0], [0, 0, 31], [0, 0, 72, 117, 224, 277, 333, 384, 420, 523, 602], [0, 0, 88, 192, 246, 308, 365, 427, 512, 591, 650], [0, 0, 69], [0, 0, 64, 150, 213, 267, 297, 356, 418, 506, 576, 676, 719, 791, 843], [0, 0, 78, 148]]
[[0], [0, 31, 78], [0, 72, 45, 87, 33, 36, 51, 36, 83, 79, 42], [0, 68, 84, 54, 62, 57, 62, 85, 59, 39, 37], [0, 69, 48], [0, 44, 86, 63, 54, 30, 59, 62, 88, 50, 80, 43, 72, 52, 72], [0, 78, 50, 84]]
60
8
247.59999999999997
[(2, 3), (3, 2)]
[[0], [0, 20, 103, 158, 231, 281, 380, 443, 502, 558], [0, 20, 53, 117, 204], [0, 20, 116], [0, 0, 60, 116, 148, 238, 281, 322, 396, 456, 515, 574, 607, 712, 780], [0, 20, 115, 150, 219, 309, 363, 467, 539, 616, 647, 681, 751], [0, 20, 53, 115, 146, 226, 261, 328, 417, 474]]
[[0], [0, 63, 55, 73, 50, 79, 63, 59, 56, 37], [0, 33, 64, 87, 52], [0, 76, 86], [0, 40, 56, 32, 90, 43, 41, 54, 60, 59, 59, 33, 85, 48, 51], [0, 75, 35, 69, 90, 34, 84, 52, 57, 31, 34, 70, 58], [0, 33, 62, 31, 60, 35, 47, 89, 57, 77]]
60
8
346.42000000000013
[(1, 1), (5, 1)]
[[0], [0, 20, 70, 170, 256, 336, 387, 490, 564, 603, 666, 709, 795, 864], [0, 0, 72, 141, 195, 233], [0, 0, 81, 135, 173, 254, 324, 381], [0, 20, 60, 128, 181, 245, 293, 383, 439, 474, 548, 626, 700, 747, 827, 919], [0, 0, 33, 63, 128, 209, 297, 370, 430, 472, 512, 561], [0, 0, 40, 103, 158, 242, 300, 359, 389, 472, 562, 632, 695, 734]]
[[0], [0, 50, 80, 66, 80, 51, 83, 74, 39, 43, 43, 86, 49, 41], [0, 72, 69, 54, 38, 87], [0, 81, 34, 38, 81, 70, 57, 63], [0, 40, 68, 53, 44, 48, 90, 56, 35, 74, 78, 74, 47, 60, 72, 65], [0, 33, 30, 45, 61, 88, 73, 60, 42, 40, 49, 39], [0, 40, 63, 55, 84, 58, 59, 30, 83, 90, 70, 63, 39, 34]]
60
8
507.7900000000002
[(4, 1), (5, 4)]
[[0], [0, 0, 31, 102, 176, 243, 310, 388, 443, 532, 599, 637], [0, 0, 52, 128, 179, 217, 257, 336, 375, 408, 482, 558, 615, 702, 732, 806], [0, 0, 87, 176, 206, 274, 368, 399, 444], [0, 0, 47, 95, 166, 254, 363, 431, 500, 539, 581, 669], [0, 0, 86, 135, 191, 266, 307, 357], [0, 0, 79, 133, 214, 256, 300, 374, 442, 539, 579, 648]]
[[0], [0, 31, 51, 74, 67, 67, 78, 55, 89, 47, 38, 59], [0, 32, 76, 51, 38, 40, 79, 39, 33, 74, 76, 57, 87, 30, 54, 81], [0, 87, 89, 30, 68, 74, 31, 45, 62], [0, 47, 48, 51, 88, 89, 68, 69, 39, 42, 88, 38], [0, 66, 49, 36, 75, 41, 50, 68], [0, 79, 54, 61, 42, 44, 54, 68, 77, 40, 69, 65]]
60
8
523.7299999999998
[]
[[0], [0, 0, 46], [0, 0, 40, 102, 177, 267, 332, 380], [0, 20, 86, 131, 200, 305], [0, 0, 64, 138, 201, 237], [0, 0, 89, 128, 184, 253, 324, 391, 427, 494, 532, 622, 659, 696], [0, 20, 85, 169, 207]]
[[0], [0, 46, 63], [0, 40, 62, 75, 70, 65, 48, 76], [0, 66, 45, 69, 85, 63], [0, 44, 74, 63, 36, 74], [0, 89, 39, 36, 69, 71, 67, 36, 67, 38, 90, 37, 37, 37], [0, 65, 84, 38, 68]]
60
8
328.39000000000016
[(4, 5)]
[[0], [0, 0, 51, 81, 163, 236, 294, 404, 461, 535, 596, 665, 731, 819], [0, 0, 65, 109, 190, 222, 267, 326, 407, 446, 488, 536, 605, 649], [0, 0, 46, 134, 226, 336, 378, 459, 545, 626, 686, 721, 785, 830, 861, 913], [0, 0, 54], [0, 0, 93, 159, 251, 323, 411, 442, 513, 601, 667], [0, 0, 67, 151, 226, 310, 367, 404, 487, 567, 600, 687, 768, 846]]
[[0], [0, 51, 30, 62, 73, 38, 90, 37, 74, 41, 69, 66, 88, 85], [0, 65, 44, 81, 32, 45, 59, 81, 39, 42, 48, 69, 44, 44], [0, 46, 88, 72, 90, 42, 81, 86, 81, 60, 35, 64, 45, 31, 32, 50], [0, 54, 38], [0, 73, 46, 72, 72, 68, 31, 71, 88, 66, 88], [0, 67, 64, 75, 84, 57, 37, 83, 80, 33, 87, 81, 78, 62]]
60
8
544.4099999999999
[(1, 6), (3, 4), (4, 2), (5, 2)]
[[0], [0, 0, 73, 120], [0, 0, 63, 127, 193, 249, 319, 372, 411, 460, 517, 569, 633], [0, 0, 65, 114, 152], [0, 0, 79, 135, 176, 245, 322, 395, 472, 529, 584], [0, 0, 37, 114, 159], [0, 0, 30, 101, 179, 282, 387, 439, 524, 576, 650, 728, 836, 904]]
[[0], [0, 73, 47, 46], [0, 63, 44, 66, 56, 50, 33, 39, 49, 57, 52, 64, 34], [0, 65, 49, 38, 50], [0, 59, 36, 41, 49, 57, 73, 77, 57, 55, 41], [0, 37, 77, 45, 76], [0, 30, 71, 58, 83, 85, 52, 85, 52, 54, 78, 88, 68, 45]]
60
8
335.51
[(2, 6), (4, 2), (6, 4)]
[[0], [0, 0, 89, 124, 216, 270, 332, 386, 470, 551, 626, 682, 716, 803, 898], [0, 20, 91, 125, 179, 221, 291, 344, 430, 516, 572, 629, 709, 747, 800, 889], [0, 0, 69, 111], [0, 0, 50, 139, 220, 309, 380, 453], [0, 0, 63, 134, 231, 287, 353, 410, 453, 510, 593, 639, 721, 798, 879, 967], [0, 0, 37, 109, 196, 231, 284, 350, 396, 459, 520, 582]]
[[0], [0, 89, 35, 72, 54, 62, 54, 84, 81, 75, 56, 34, 87, 75, 80], [0, 71, 34, 54, 42, 70, 53, 86, 66, 56, 57, 80, 38, 53, 89, 50], [0, 69, 42, 71], [0, 50, 69, 81, 89, 71, 73, 82], [0, 63, 51, 77, 36, 66, 57, 43, 57, 83, 46, 62, 77, 81, 88, 31], [0, 37, 72, 87, 35, 53, 66, 46, 43, 41, 42, 30]]
60
8
612.2600000000002
[(2, 15), (5, 3)]
[[0], [0, 0, 105, 155, 233, 287, 342, 398, 431], [0, 0, 88, 118, 176, 227, 268, 321, 366, 475, 543, 634], [0, 0, 58, 98, 191, 226, 263, 338, 388, 476, 537, 596], [0, 0, 52], [0, 0, 79], [0, 0, 41, 121, 187, 287, 350]]
[[0], [0, 85, 50, 78, 34, 55, 56, 33, 87], [0, 88, 30, 58, 51, 41, 33, 45, 89, 48, 71, 71], [0, 58, 40, 73, 35, 37, 75, 50, 88, 61, 59, 57], [0, 52, 64], [0, 79, 79], [0, 41, 80, 66, 80, 63, 66]]
60
8
302.9500000000001
[(2, 10)]
[[0], [0, 0, 51, 125, 210, 253, 326, 402, 461, 545, 602, 711], [0, 20, 108, 190, 257, 316, 377, 438, 471], [0, 0, 77, 153, 250, 312, 364, 411, 492, 543, 585, 616, 646, 712], [0, 0, 56, 89, 156, 238, 296], [0, 0, 86, 135, 193, 260, 294, 352, 413, 455, 517, 589, 674, 727, 832], [0, 0, 76, 154]]
[[0], [0, 51, 74, 85, 43, 73, 76, 59, 84, 57, 89, 59], [0, 88, 82, 67, 39, 61, 41, 33, 51], [0, 77, 76, 77, 62, 52, 47, 81, 31, 42, 31, 30, 66, 75], [0, 56, 33, 67, 82, 58, 52], [0, 86, 49, 58, 67, 34, 58, 61, 42, 62, 52, 65, 53, 85, 33], [0, 76, 58, 89]]
60
8
472.36
[(3, 13), (4, 6), (5, 11), (6, 3)]
[[0], [0, 0, 68, 118, 182, 223, 291, 352, 411, 497, 585, 663, 720, 789, 840, 930], [0, 0, 92, 202, 263, 305, 375], [0, 0, 90, 121, 209, 277, 323, 369, 406, 490, 564, 613, 696, 792], [0, 0, 32, 77, 163, 263, 365, 448, 531, 598, 668, 763, 845, 933, 1000, 1073], [0, 0, 40], [0, 0, 76, 152, 240]]
[[0], [0, 48, 30, 44, 41, 68, 61, 59, 86, 68, 78, 57, 49, 31, 90, 35], [0, 72, 90, 61, 42, 70, 76], [0, 90, 31, 88, 68, 46, 46, 37, 84, 74, 49, 83, 76, 58], [0, 32, 45, 66, 80, 82, 83, 83, 67, 70, 75, 62, 68, 67, 53, 53], [0, 40, 72], [0, 76, 76, 88, 46]]
60
8
432.96000000000004
[(1, 3), (2, 2), (4, 4)]
[[0], [0, 0, 60, 129], [0, 0, 58, 140, 205, 258, 325, 362, 429, 482, 557, 648, 721, 764, 838], [0, 0, 84, 120, 167, 246, 295, 367, 450], [0, 0, 69, 104, 176, 209, 256, 300, 336, 405, 447, 504, 588, 625], [0, 0, 78, 133, 180, 210, 310, 374, 428, 484, 529, 584, 648, 740, 781, 874], [0, 20, 103, 148, 211, 245, 322, 363, 441, 538, 605, 636, 688]]
[[0], [0, 60, 69, 63], [0, 58, 62, 65, 33, 67, 37, 67, 33, 75, 71, 53, 43, 74, 51], [0, 84, 36, 47, 79, 49, 72, 63, 62], [0, 69, 35, 72, 33, 47, 44, 36, 69, 42, 57, 84, 37, 83], [0, 78, 55, 47, 30, 80, 44, 54, 56, 45, 35, 64, 72, 41, 73, 75], [0, 83, 45, 63, 34, 77, 41, 58, 77, 67, 31, 52, 42]]
60
8
468.32000000000005
[(2, 3), (5, 5), (6, 8)]
[[0], [0, 0, 51], [0, 0, 77, 139], [0, 0, 70], [0, 20, 74, 142], [0, 0, 35, 137, 186, 229, 265, 322, 412, 450, 501, 542], [0, 0, 52, 126, 213, 263, 361, 445, 522, 583, 664]]
[[0], [0, 51, 69], [0, 77, 62, 87], [0, 70, 59], [0, 54, 68, 38], [0, 35, 82, 49, 43, 36, 37, 90, 38, 51, 41, 80], [0, 32, 54, 87, 30, 78, 84, 77, 61, 81, 50]]
60
8
234.62000000000006
[(1, 2), (6, 2)]
[[0], [0, 0, 63, 132, 205, 261, 318, 413, 464, 549, 631, 706, 749, 786, 837, 920], [0, 0, 52, 141, 220, 294, 352, 399, 487, 560, 656], [0, 20, 124, 184, 274, 368, 436, 508, 579, 624, 690], [0, 0, 64, 153, 229, 289, 354, 406], [0, 0, 64, 117, 167, 265], [0, 0, 50, 122, 183, 255, 327, 389, 430, 521, 609, 678, 726]]
[[0], [0, 63, 69, 73, 56, 57, 75, 51, 65, 82, 75, 43, 37, 31, 83, 67], [0, 52, 89, 79, 54, 58, 47, 68, 73, 76, 41], [0, 84, 60, 70, 74, 68, 52, 71, 45, 46, 51], [0, 64, 89, 76, 60, 65, 52, 43], [0, 44, 53, 50, 78, 73], [0, 50, 72, 61, 52, 52, 62, 41, 71, 88, 69, 48, 87]]
60
8
438.91999999999996
[(3, 1), (6, 5)]
[[0], [0, 0, 97, 152, 212, 255, 314, 406, 462, 547], [0, 0, 52, 105], [0, 20, 68, 107, 191, 241, 273, 318, 387], [0, 0, 86, 129, 188, 250, 309, 410, 463, 525, 593], [0, 20, 80], [0, 0, 39, 103, 144, 221, 264, 303, 351, 406]]
[[0], [0, 77, 35, 60, 43, 39, 72, 36, 85, 74], [0, 52, 53, 86], [0, 48, 39, 84, 50, 32, 45, 69, 89], [0, 66, 43, 59, 62, 59, 81, 53, 62, 68, 48], [0, 60, 54], [0, 39, 64, 41, 77, 43, 39, 48, 55, 68]]
60
8
391.89000000000004
[(1, 2)]
[[0], [0, 0, 100, 154, 228, 296, 353, 419, 464, 514, 576, 631, 666, 715, 797, 864], [0, 0, 67, 126, 182, 219, 251, 291, 324, 403, 487, 517, 562], [0, 0, 65, 149, 218, 255, 344, 377, 411, 469, 522, 626, 688, 744, 853, 888], [0, 0, 57], [0, 0, 34, 122, 208, 253, 324, 404, 486, 557, 625, 660, 743, 834, 865], [0, 20, 111, 157, 210, 306, 336, 372]]
[[0], [0, 80, 54, 54, 68, 37, 66, 45, 50, 62, 55, 35, 49, 62, 47, 38], [0, 67, 59, 36, 37, 32, 40, 33, 79, 84, 30, 45, 30], [0, 65, 84, 49, 37, 69, 33, 34, 58, 33, 84, 62, 56, 89, 35, 34], [0, 37, 39], [0, 34, 88, 86, 45, 71, 80, 62, 51, 68, 35, 63, 71, 31, 82], [0, 71, 46, 53, 76, 30, 36, 84]]
60
8
450.93999999999977
[(1, 2), (3, 4), (5, 8), (6, 1)]
[[0], [0, 0, 85, 185, 265], [0, 0, 104, 134, 209, 256, 294, 346, 378, 452, 483, 571], [0, 0, 88, 142], [0, 0, 73, 162, 237, 289, 361, 437, 513, 576, 664, 707, 756, 866, 911, 976], [0, 0, 61, 123, 211, 243, 308, 375, 415, 459, 567], [0, 0, 49, 95, 196, 235, 278]]
[[0], [0, 65, 80, 80, 56], [0, 84, 30, 75, 47, 38, 52, 32, 74, 31, 88, 76], [0, 88, 54, 83], [0, 73, 89, 75, 52, 52, 76, 76, 43, 88, 43, 49, 90, 45, 65, 42], [0, 61, 62, 88, 32, 45, 67, 40, 44, 88, 31], [0, 49, 46, 81, 39, 43, 31]]
60
8
457.1
[]
[[0], [0, 0, 106], [0, 20, 102, 156, 226, 287, 355, 444, 479, 514, 621, 659, 744, 821, 910, 943], [0, 0, 56, 86, 148, 219, 306, 337], [0, 0, 74, 148, 215, 299, 400, 445, 511, 578, 645, 720, 771], [0, 0, 67, 154, 203, 256], [0, 20, 91, 126, 174, 251, 316, 367, 439, 519, 609, 661, 704, 786, 895, 946]]
[[0], [0, 86, 46], [0, 62, 54, 70, 61, 68, 89, 35, 35, 87, 38, 85, 77, 89, 33, 68], [0, 36, 30, 62, 71, 67, 31, 66], [0, 54, 54, 67, 84, 81, 45, 46, 47, 47, 75, 31, 89], [0, 67, 87, 49, 53, 40], [0, 71, 35, 48, 77, 65, 51, 72, 80, 90, 52, 43, 82, 89, 51, 43]]
60
8
382.75
[(2, 1), (4, 2)]
[[0], [0, 0, 30, 122, 203, 246, 296, 376], [0, 0, 36, 68, 110, 166, 253, 348, 435, 487], [0, 0, 35, 85, 183, 259, 320, 358, 402, 467, 560, 650, 741, 772, 872], [0, 20, 105, 185, 258], [0, 20, 125, 188, 297, 404, 475, 525, 619, 711, 777, 836, 871, 973], [0, 20, 72, 148, 219, 317, 371, 450, 549, 614, 706, 742, 823]]
[[0], [0, 30, 72, 81, 43, 50, 60, 67], [0, 36, 32, 42, 56, 87, 75, 87, 52, 58], [0, 35, 30, 78, 56, 61, 38, 44, 45, 73, 90, 71, 31, 80, 67], [0, 65, 60, 73, 57], [0, 85, 63, 89, 87, 51, 50, 74, 72, 66, 59, 35, 82, 38], [0, 52, 76, 71, 78, 54, 79, 79, 65, 72, 36, 81, 89]]
60
8
529.9000000000003
[(3, 3), (5, 1), (6, 1)]
[[0], [0, 0, 79, 161, 227, 300, 349, 394, 462, 517, 608, 672, 759, 823, 871, 923], [0, 0, 46, 130, 229, 268, 357, 456, 517], [0, 0, 73, 140, 181, 268, 345, 448, 493, 532, 587, 649, 737, 813], [0, 20, 88, 177, 248, 287, 364, 444, 529, 609, 688, 774, 851, 886, 950, 1024], [0, 0, 75, 168, 214, 304, 373, 474, 574, 661, 744, 776], [0, 0, 59, 115, 182, 214, 244, 309, 382, 453, 518, 584, 615, 657, 705, 792]]
[[0], [0, 59, 82, 46, 53, 49, 45, 48, 55, 71, 64, 87, 64, 48, 32, 52], [0, 46, 84, 79, 39, 69, 79, 61, 65], [0, 73, 67, 41, 87, 77, 83, 45, 39, 55, 62, 88, 76, 85], [0, 48, 89, 71, 39, 77, 80, 85, 80, 59, 66, 57, 35, 64, 74, 33], [0, 75, 73, 46, 90, 49, 81, 80, 87, 63, 32, 74], [0, 59, 36, 67, 32, 30, 45, 73, 51, 65, 66, 31, 42, 48, 87, 85]]
60
8
464.99000000000007
[(1, 2), (2, 6), (4, 1), (5, 6)]
[[0], [0, 20, 98, 158, 266, 330, 378, 438, 494, 566, 635, 707, 762, 823], [0, 0, 98, 147, 239, 303, 343], [0, 20, 100, 153, 214, 303], [0, 0, 55, 104, 160, 190, 242, 331, 384, 428, 499, 576, 614, 694], [0, 20, 103, 196, 272, 337, 372, 478, 515, 599, 687], [0, 0, 72, 129, 207, 259, 343, 392, 428, 507, 556, 623, 677, 710, 747, 787]]
[[0], [0, 78, 60, 88, 64, 48, 40, 56, 52, 49, 72, 35, 41, 62], [0, 78, 49, 72, 64, 40, 85], [0, 80, 53, 41, 89, 64], [0, 35, 49, 56, 30, 52, 89, 53, 44, 51, 57, 38, 60, 61], [0, 83, 73, 76, 65, 35, 86, 37, 84, 88, 76], [0, 72, 37, 58, 32, 84, 49, 36, 79, 49, 47, 54, 33, 37, 40, 49]]
60
8
451.99999999999966
[(1, 1), (4, 10), (5, 1), (6, 3)]
