[[0], [0, 0, 72], [0, 0, 53, 119, 187, 265], [0, 20, 75, 134], [0, 0, 60, 99, 164, 201], [0, 0, 102], [0, 0, 81, 124, 225, 303], [0, 0, 45, 135, 197, 252], [0, 0, 81, 144, 191, 223]]
[[0], [0, 72, 76], [0, 33, 66, 68, 78, 50], [0, 55, 59, 87], [0, 60, 39, 65, 37, 50], [0, 82, 87], [0, 81, 43, 81, 78, 61], [0, 45, 70, 42, 55, 84], [0, 81, 63, 47, 32, 69]]
60
8
279.43000000000006
[(8, 5)]
[[0], [0, 20, 56, 114, 196], [0, 0, 81], [0, 0, 38, 113, 158, 199], [0, 0, 69, 146], [0, 0, 71, 133, 188], [0, 0, 37, 117, 202, 277], [0, 20, 67, 117], [0, 0, 33]]
[[0], [0, 36, 58, 82, 87], [0, 81, 44], [0, 38, 75, 45, 41, 56], [0, 69, 77, 78], [0, 51, 62, 55, 75], [0, 37, 80, 65, 75, 65], [0, 47, 30, 52], [0, 33, 56]]
60
8
258.64
[(1, 4), (5, 4)]
[[0], [0, 0, 87, 149], [0, 0, 85], [0, 20, 63], [0, 0, 80], [0, 20, 105, 136], [0, 0, 52], [0, 0, 75, 116, 175], [0, 20, 57, 158, 207]]
[[0], [0, 87, 62, 61], [0, 85, 78], [0, 43, 79], [0, 80, 55], [0, 65, 31, 69], [0, 52, 88], [0, 55, 41, 39, 44], [0, 37, 81, 49, 82]]
60
8
220.05000000000007
[(2, 2)]
[[0], [0, 0, 66, 117, 173, 256], [0, 0, 73, 125, 226, 279], [0, 0, 105], [0, 0, 82], [0, 0, 65, 132, 168, 216], [0, 0, 57, 116], [0, 0, 71], [0, 0, 49, 115, 162, 218]]
[[0], [0, 66, 31, 36, 63, 63], [0, 73, 52, 81, 33, 66], [0, 85, 47], [0, 82, 87], [0, 65, 67, 36, 48, 35], [0, 57, 39, 33], [0, 51, 84], [0, 49, 66, 47, 56, 66]]
60
8
234.45000000000005
[(3, 2), (7, 1)]
[[0], [0, 0, 99, 151, 226, 306], [0, 20, 74, 161, 196], [0, 0, 65, 124], [0, 20, 79], [0, 0, 83, 136, 187], [0, 0, 71], [0, 0, 31, 130, 205, 283], [0, 0, 68, 119, 187, 247]]
[[0], [0, 79, 52, 75, 60, 90], [0, 54, 87, 35, 31], [0, 45, 59, 60], [0, 59, 38], [0, 83, 33, 51, 39], [0, 51, 85], [0, 31, 79, 75, 78, 54], [0, 68, 31, 48, 60, 61]]
60
8
253.12
[(4, 2), (5, 3), (6, 2)]
[[0], [0, 0, 48], [0, 0, 69], [0, 0, 57, 115, 202, 279], [0, 0, 39, 119, 175], [0, 0, 56, 102], [0, 0, 47], [0, 0, 69], [0, 20, 86, 155]]
[[0], [0, 48, 35], [0, 69, 64], [0, 57, 58, 87, 77, 85], [0, 39, 60, 56, 75], [0, 56, 46, 34], [0, 47, 39], [0, 49, 48], [0, 66, 49, 32]]
60
8
160.69000000000003
[(2, 2)]
[[0], [0, 0, 46, 96, 186], [0, 0, 85], [0, 0, 85, 119, 183, 273], [0, 20, 67, 145, 189, 293], [0, 0, 79, 121, 152, 237], [0, 20, 128, 206], [0, 0, 56, 140], [0, 20, 130, 204]]
[[0], [0, 46, 30, 90, 41], [0, 85, 72], [0, 85, 34, 44, 90, 44], [0, 47, 78, 44, 84, 58], [0, 79, 42, 31, 65, 36], [0, 88, 78, 64], [0, 56, 84, 30], [0, 90, 74, 54]]
60
8
248.29
[(6, 1)]
[[0], [0, 0, 90, 199, 266], [0, 0, 73, 132], [0, 20, 62, 132], [0, 0, 41, 112, 153], [0, 0, 55, 124], [0, 20, 51], [0, 0, 48, 105, 135], [0, 0, 61, 105, 179]]
[[0], [0, 90, 89, 67, 46], [0, 73, 39, 50], [0, 42, 70, 83], [0, 41, 71, 41, 54], [0, 55, 49, 47], [0, 31, 62], [0, 48, 57, 30, 59], [0, 41, 44, 74, 32]]
60
8
211.65
[]
[[0], [0, 0, 30, 116, 148, 248], [0, 20, 86, 173, 279, 336], [0, 0, 75, 158, 218], [0, 0, 73, 163, 262, 302], [0, 0, 56, 116], [0, 20, 60], [0, 20, 60, 102, 160], [0, 0, 42, 73, 124, 207]]
[[0], [0, 30, 86, 32, 80, 82], [0, 66, 87, 86, 37, 63], [0, 75, 83, 40, 43], [0, 53, 70, 79, 40, 42], [0, 56, 60, 81], [0, 40, 46], [0, 40, 42, 58, 85], [0, 42, 31, 51, 63, 67]]
60
8
292.8299999999999
[(1, 4), (4, 2), (6, 2)]
[[0], [0, 20, 72, 128], [0, 0, 63, 139, 213], [0, 0, 110, 141, 186], [0, 0, 35, 73, 137], [0, 0, 72], [0, 0, 81, 124, 178], [0, 0, 87], [0, 0, 51]]
[[0], [0, 52, 36, 81], [0, 43, 56, 74, 38], [0, 90, 31, 45, 83], [0, 35, 38, 64, 82], [0, 72, 35], [0, 81, 43, 54, 73], [0, 87, 85], [0, 51, 57]]
60
8
207.5
[(2, 2), (6, 4), (7, 2), (8, 2)]
[[0], [0, 0, 40], [0, 0, 104], [0, 20, 74, 125, 184, 248], [0, 0, 74, 126, 210, 260], [0, 0, 62, 133], [0, 0, 47, 154, 243], [0, 20, 105, 166, 223], [0, 0, 48, 125, 163]]
[[0], [0, 40, 59], [0, 84, 45], [0, 54, 51, 59, 64, 74], [0, 54, 52, 84, 50, 41], [0, 62, 71, 51], [0, 47, 87, 89, 38], [0, 85, 61, 57, 68], [0, 48, 57, 38, 31]]
60
8
252.42999999999998
[]
[[0], [0, 0, 46], [0, 0, 56], [0, 0, 84, 114], [0, 20, 59], [0, 0, 43, 129, 213, 249], [0, 20, 70], [0, 0, 58], [0, 0, 89, 169, 270, 324]]
[[0], [0, 46, 33], [0, 56, 51], [0, 64, 30, 64], [0, 39, 52], [0, 43, 86, 84, 36, 44], [0, 50, 61], [0, 58, 53], [0, 69, 80, 81, 54, 66]]
60
8
196.09999999999994
[]
[[0], [0, 0, 67, 130, 193, 246], [0, 0, 80], [0, 0, 89, 173], [0, 0, 79, 157, 239, 321], [0, 0, 53, 84, 167], [0, 0, 62], [0, 0, 53, 140, 220, 322], [0, 0, 110, 216, 259, 345]]
[[0], [0, 67, 63, 63, 33, 75], [0, 80, 53], [0, 89, 84, 70], [0, 79, 78, 62, 62, 52], [0, 33, 31, 83, 66], [0, 62, 68], [0, 53, 67, 80, 82, 72], [0, 90, 86, 43, 66, 64]]
60
8
267.60999999999996
[(1, 5), (2, 1), (4, 3), (6, 2)]
[[0], [0, 0, 90, 145, 198], [0, 0, 76, 128, 193], [0, 0, 92, 161, 225, 286], [0, 20, 83], [0, 0, 87], [0, 0, 32, 129], [0, 0, 79, 116, 163, 244], [0, 0, 72]]
[[0], [0, 90, 55, 33, 48], [0, 76, 52, 65, 52], [0, 72, 49, 64, 61, 45], [0, 63, 90], [0, 87, 38], [0, 32, 77, 37], [0, 79, 37, 47, 81, 61], [0, 52, 59]]
60
8
209.99000000000004
[(3, 5), (5, 2)]
[[0], [0, 0, 43, 136, 215], [0, 0, 50], [0, 20, 94, 164, 214, 270], [0, 20, 102, 137], [0, 20, 69, 124], [0, 0, 83, 134], [0, 0, 72], [0, 0, 84]]
[[0], [0, 43, 73, 79, 61], [0, 30, 41], [0, 74, 70, 50, 56, 60], [0, 62, 35, 85], [0, 49, 55, 30], [0, 83, 51, 78], [0, 72, 32], [0, 84, 88]]
60
8
189.05000000000007
[(1, 4), (2, 2), (4, 3), (7, 2)]
[[0], [0, 20, 56, 111, 187], [0, 0, 93, 177, 222, 297], [0, 20, 110], [0, 0, 54, 147, 227], [0, 0, 64], [0, 20, 95, 202, 310], [0, 20, 110, 168, 255, 320], [0, 0, 71, 159, 259]]
[[0], [0, 36, 55, 76, 76], [0, 73, 84, 45, 75, 57], [0, 90, 54], [0, 34, 73, 60, 54], [0, 44, 64], [0, 55, 87, 88, 86], [0, 90, 38, 67, 65, 83], [0, 51, 88, 80, 43]]
60
8
229.82999999999998
[(6, 1), (7, 3), (8, 2)]
[[0], [0, 0, 34, 114, 169], [0, 20, 89, 166], [0, 0, 35], [0, 0, 41, 95], [0, 0, 57, 125, 197], [0, 0, 67, 131, 192, 267], [0, 0, 65, 106, 160, 205], [0, 0, 35, 104, 179]]
[[0], [0, 34, 80, 55, 30], [0, 69, 77, 32], [0, 35, 39], [0, 41, 54, 43], [0, 37, 68, 72, 63], [0, 67, 64, 41, 75, 90], [0, 65, 41, 34, 45, 53], [0, 35, 69, 55, 59]]
60
8
227.43
[(1, 4), (2, 3), (8, 3)]
[[0], [0, 0, 49, 150], [0, 0, 69, 161, 240, 317], [0, 20, 99], [0, 20, 78], [0, 0, 55, 120, 150, 256], [0, 0, 85, 122], [0, 20, 60, 110], [0, 20, 87]]
[[0], [0, 49, 81, 32], [0, 69, 72, 79, 77, 36], [0, 79, 67], [0, 58, 46], [0, 55, 45, 30, 86, 36], [0, 85, 37, 81], [0, 40, 50, 63], [0, 67, 52]]
60
8
202.02000000000007
[(8, 2)]
[[0], [0, 0, 53], [0, 20, 120, 173, 234, 303], [0, 0, 48, 154, 244], [0, 0, 82, 185, 241], [0, 0, 69], [0, 0, 78, 143, 243, 310], [0, 0, 109, 155], [0, 0, 74, 115, 207]]
[[0], [0, 33, 46], [0, 80, 53, 61, 69, 72], [0, 48, 86, 70, 70], [0, 82, 83, 56, 76], [0, 69, 90], [0, 58, 65, 80, 47, 80], [0, 89, 46, 58], [0, 74, 41, 72, 75]]
60
8
250.66
[(2, 1)]
[[0], [0, 0, 33, 64], [0, 0, 76, 165, 240, 307], [0, 0, 31, 107, 172, 230], [0, 0, 71, 122, 172, 231], [0, 0, 65, 147, 225], [0, 0, 87, 168], [0, 0, 87, 151, 207], [0, 0, 88, 198, 229, 304]]
[[0], [0, 33, 31, 67], [0, 56, 89, 75, 67, 34], [0, 31, 76, 65, 58, 65], [0, 71, 51, 30, 59, 86], [0, 65, 82, 58, 76], [0, 87, 81, 66], [0, 87, 44, 56, 42], [0, 68, 90, 31, 55, 32]]
60
8
273.47999999999996
[(3, 5), (6, 3), (8, 2)]
[[0], [0, 0, 81], [0, 0, 47, 84, 130], [0, 20, 60, 126, 168, 232], [0, 0, 65, 170, 247], [0, 0, 47, 96, 143], [0, 0, 81, 164, 204], [0, 20, 50, 96, 182, 270], [0, 0, 87]]
[[0], [0, 81, 46], [0, 47, 37, 46, 32], [0, 40, 66, 42, 64, 75], [0, 65, 85, 77, 77], [0, 47, 49, 47, 58], [0, 81, 83, 40, 35], [0, 30, 46, 66, 68, 47], [0, 87, 40]]
60
8
215.3
[(1, 2), (3, 5), (5, 4)]
[[0], [0, 0, 51, 138], [0, 0, 79], [0, 0, 93, 134, 239], [0, 0, 36], [0, 20, 106, 185, 225, 274], [0, 0, 60, 110], [0, 0, 34, 97, 137], [0, 20, 88, 141, 227, 288]]
[[0], [0, 51, 87, 89], [0, 79, 63], [0, 73, 41, 85, 45], [0, 36, 54], [0, 66, 79, 40, 49, 40], [0, 40, 50, 50], [0, 34, 43, 40, 38], [0, 68, 33, 86, 61, 39]]
60
8
234.49000000000004
[(5, 1)]
[[0], [0, 0, 69, 157], [0, 20, 99, 187, 262], [0, 0, 52], [0, 0, 84], [0, 0, 40], [0, 0, 63, 136], [0, 0, 88, 155], [0, 20, 51]]
[[0], [0, 69, 88, 33], [0, 79, 88, 75, 88], [0, 52, 54], [0, 64, 89], [0, 40, 80], [0, 63, 73, 86], [0, 88, 67, 87], [0, 31, 34]]
60
8
203.59
[(7, 3), (8, 1)]
[[0], [0, 0, 44, 144, 190], [0, 0, 67, 160], [0, 20, 54, 98], [0, 0, 62, 143], [0, 20, 102, 152, 203, 292], [0, 20, 82, 120], [0, 20, 88, 141, 208], [0, 0, 47, 94, 171, 237]]
[[0], [0, 44, 80, 46, 45], [0, 67, 73, 32], [0, 34, 44, 73], [0, 42, 81, 70], [0, 62, 50, 31, 89, 88], [0, 62, 38, 68], [0, 68, 53, 47, 60], [0, 47, 47, 57, 66, 78]]
60
8
235.12
[(2, 3), (5, 1)]
[[0], [0, 0, 61, 154, 197], [0, 0, 86], [0, 0, 64, 146, 204], [0, 0, 80], [0, 0, 47, 130], [0, 0, 84, 168, 201, 237], [0, 20, 99, 142], [0, 0, 73, 122, 165, 253]]
[[0], [0, 61, 73, 43, 89], [0, 86, 67], [0, 44, 82, 58, 89], [0, 60, 72], [0, 47, 83, 30], [0, 84, 84, 33, 36, 33], [0, 79, 43, 66], [0, 73, 49, 43, 88, 34]]
60
8
242.64
[(4, 2)]
[[0], [0, 20, 79], [0, 20, 121], [0, 0, 61, 96], [0, 0, 61, 124, 207], [0, 0, 98, 161, 218], [0, 0, 97, 155, 196], [0, 0, 106, 183], [0, 20, 97, 139]]
[[0], [0, 59, 81], [0, 81, 76], [0, 61, 35, 83], [0, 61, 63, 83, 35], [0, 78, 63, 57, 85], [0, 77, 38, 41, 72], [0, 86, 77, 90], [0, 77, 42, 78]]
60
8
228.88000000000005
[(2, 2), (3, 3), (7, 3)]
[[0], [0, 0, 70, 143], [0, 0, 57], [0, 20, 87], [0, 0, 54], [0, 0, 67], [0, 20, 77, 125], [0, 0, 37, 124, 196, 248], [0, 0, 52]]
[[0], [0, 70, 53, 34], [0, 57, 37], [0, 67, 33], [0, 54, 70], [0, 67, 89], [0, 37, 48, 77], [0, 37, 87, 72, 52, 62], [0, 32, 82]]
60
8
161.37000000000003
[(3, 2), (6, 3), (8, 1)]
[[0], [0, 0, 109, 165, 238], [0, 0, 85, 187, 233, 288], [0, 0, 69, 138, 191], [0, 0, 68, 122], [0, 0, 54, 141, 183], [0, 0, 37, 93, 125, 199], [0, 20, 57, 116, 222], [0, 0, 39]]
[[0], [0, 89, 36, 73, 53], [0, 85, 82, 46, 55, 39], [0, 49, 49, 53, 53], [0, 68, 54, 37], [0, 54, 87, 42, 35], [0, 37, 56, 32, 54, 35], [0, 37, 39, 86, 83], [0, 39, 78]]
60
8
223.62
[(1, 2), (3, 1), (5, 4), (6, 5), (7, 1), (8, 1)]
[[0], [0, 0, 64], [0, 0, 73, 176, 242, 322], [0, 20, 96, 127, 218, 278], [0, 0, 68, 171, 268], [0, 0, 85, 167], [0, 0, 69, 105, 155, 203], [0, 0, 67, 120, 211, 300], [0, 0, 31, 94]]
[[0], [0, 64, 79], [0, 73, 83, 46, 80, 81], [0, 76, 31, 71, 60, 30], [0, 68, 83, 77, 56], [0, 65, 62, 86], [0, 69, 36, 30, 48, 48], [0, 67, 53, 71, 89, 90], [0, 31, 43, 86]]
60
8
296.46000000000004
[(4, 4)]
[[0], [0, 0, 76], [0, 0, 93, 201, 250, 282], [0, 0, 65, 123, 195, 260], [0, 0, 96, 161, 200, 250], [0, 0, 62, 98, 156], [0, 20, 101, 182, 240], [0, 0, 69, 158], [0, 0, 36, 86]]
[[0], [0, 76, 53], [0, 73, 88, 49, 32, 65], [0, 65, 38, 72, 65, 84], [0, 76, 45, 39, 50, 47], [0, 62, 36, 38, 68], [0, 81, 61, 58, 89], [0, 69, 89, 76], [0, 36, 30, 47]]
60
8
308.71
[(2, 2)]
