[[0], [0, 20, 73, 125], [0, 0, 50, 140, 192, 224, 325, 395, 454, 489, 535, 621], [0, 0, 46, 98, 130, 185, 239, 328], [0, 20, 109, 169, 227, 297, 381, 428, 499, 539, 575, 620, 680, 754, 838, 901], [0, 0, 42, 101, 167, 223, 319], [0, 0, 82, 115, 205, 270, 359, 407, 490, 530, 566, 624, 705, 788, 852], [0, 20, 55, 114, 150, 233, 297, 361, 469], [0, 0, 56, 138, 227, 309, 388, 431]]
[[0], [0, 53, 52, 35], [0, 50, 70, 52, 32, 81, 70, 59, 35, 46, 86, 42], [0, 46, 32, 32, 55, 54, 89, 34], [0, 69, 60, 58, 70, 64, 47, 71, 40, 36, 45, 60, 54, 84, 63, 55], [0, 42, 59, 66, 56, 76, 75], [0, 82, 33, 90, 65, 89, 48, 83, 40, 36, 58, 81, 83, 44, 89], [0, 35, 59, 36, 83, 44, 64, 88, 79], [0, 56, 62, 69, 82, 79, 43, 90]]
60
1
508.42
[]
[[0], [0, 0, 30, 120, 185, 257], [0, 20, 89], [0, 0, 43, 151, 212], [0, 0, 97, 201, 237, 287, 369, 405, 489, 549], [0, 0, 83, 123, 223, 299, 362, 425, 458], [0, 0, 84, 119, 185, 248, 298, 384, 437, 491, 543, 624], [0, 20, 65, 143, 225, 282, 366, 432, 487, 557, 601, 705, 750], [0, 0, 75, 126, 230, 286, 384]]
[[0], [0, 30, 90, 45, 72, 84], [0, 69, 75], [0, 43, 88, 61, 74], [0, 77, 84, 36, 50, 82, 36, 84, 40, 83], [0, 83, 40, 80, 76, 63, 63, 33, 74], [0, 84, 35, 66, 63, 50, 86, 53, 54, 52, 81, 38], [0, 45, 78, 82, 37, 84, 66, 35, 70, 44, 84, 45, 31], [0, 55, 51, 84, 36, 78, 63]]
60
1
511.85000000000014
[(1, 5), (4, 2), (7, 1), (8, 4)]
[[0], [0, 0, 105, 139, 173, 241, 346, 411], [0, 0, 47, 100, 187, 256, 333, 418, 464, 547], [0, 0, 71, 117, 194, 274, 304, 360, 424, 509, 548, 597, 641, 682, 728], [0, 0, 69, 149, 227, 336, 405, 459, 490, 575, 654, 690, 748, 801], [0, 0, 64, 169, 243, 321, 369, 447, 529], [0, 0, 35, 99, 187, 234, 306, 377, 466, 540, 603, 642, 684, 744, 826, 892], [0, 20, 66, 133, 196], [0, 0, 54, 135]]
[[0], [0, 85, 34, 34, 68, 85, 65, 75], [0, 47, 33, 87, 69, 77, 85, 46, 83, 53], [0, 71, 46, 77, 80, 30, 56, 64, 85, 39, 49, 44, 41, 46, 73], [0, 69, 60, 78, 89, 49, 54, 31, 85, 59, 36, 38, 53, 53], [0, 64, 85, 74, 78, 48, 78, 62, 56], [0, 35, 44, 88, 47, 52, 71, 69, 74, 63, 39, 42, 40, 82, 66, 55], [0, 46, 47, 43, 66], [0, 54, 61, 85]]
60
1
611.5999999999998
[(4, 5), (5, 8), (7, 1)]
[[0], [0, 0, 61], [0, 20, 118, 188, 258, 337], [0, 0, 82, 143, 174, 237, 315, 350, 439], [0, 20, 107, 178, 249, 326, 371, 447, 535, 607, 651, 703], [0, 0, 81, 142, 223, 289, 339, 428, 512, 562], [0, 20, 103, 144, 184], [0, 0, 67], [0, 0, 76, 152, 183, 267, 366, 413, 484, 544, 607, 667, 702, 773, 855]]
[[0], [0, 61, 31], [0, 78, 70, 70, 79, 44], [0, 82, 61, 31, 63, 78, 35, 89, 79], [0, 67, 71, 71, 57, 45, 56, 88, 72, 44, 52, 69], [0, 81, 41, 61, 66, 50, 89, 84, 50, 80], [0, 63, 41, 40, 45], [0, 67, 34], [0, 76, 76, 31, 84, 79, 47, 71, 60, 63, 40, 35, 71, 62, 61]]
60
1
383.3
[(2, 5), (4, 1), (5, 3)]
[[0], [0, 20, 83, 134, 181, 255], [0, 0, 104, 189, 274, 305], [0, 0, 66, 158, 189, 233, 281, 346, 424, 476, 546, 599, 662, 715], [0, 0, 73, 143, 219, 274, 307], [0, 0, 54, 102, 159, 224, 319, 388], [0, 0, 80, 117, 225, 266, 339, 444, 527, 594, 650], [0, 20, 77, 162, 206, 287], [0, 20, 88, 130, 219, 252, 329]]
[[0], [0, 63, 51, 47, 74, 73], [0, 84, 85, 65, 31, 68], [0, 66, 72, 31, 44, 48, 45, 78, 52, 70, 53, 63, 53, 74], [0, 53, 70, 76, 35, 33, 68], [0, 34, 48, 57, 65, 75, 69, 34], [0, 60, 37, 88, 41, 73, 85, 63, 47, 56, 57], [0, 57, 85, 44, 81, 64], [0, 48, 42, 89, 33, 77, 85]]
60
1
477.37000000000006
[(6, 2)]
[[0], [0, 0, 40, 122, 191, 239, 269, 307, 398, 477, 513, 580, 628, 689, 737], [0, 0, 64, 140, 201], [0, 0, 59, 93, 162, 245], [0, 0, 79], [0, 0, 105, 185, 294, 326, 362], [0, 0, 59, 109, 187, 268, 310, 377, 431, 472, 513, 596, 657], [0, 20, 71, 120, 161, 244, 326, 411, 493], [0, 0, 76, 175, 230, 305, 392, 450, 497, 537, 607, 650, 686, 775, 856]]
[[0], [0, 40, 82, 69, 48, 30, 38, 71, 59, 36, 67, 48, 61, 48, 41], [0, 64, 56, 61, 45], [0, 59, 34, 69, 63, 63], [0, 79, 56], [0, 85, 60, 89, 32, 36, 60], [0, 39, 30, 58, 81, 42, 47, 34, 41, 41, 83, 41, 40], [0, 51, 49, 41, 63, 82, 85, 82, 64], [0, 56, 79, 55, 55, 87, 58, 47, 40, 70, 43, 36, 89, 61, 70]]
60
1
504.2800000000002
[(1, 8), (5, 3), (6, 2), (8, 2)]
[[0], [0, 20, 96, 161, 227, 332], [0, 0, 32, 76, 126, 210, 272, 331], [0, 0, 58, 119, 203, 274, 382, 473, 558, 607], [0, 20, 95, 167, 252], [0, 0, 90, 155, 191, 236, 303, 397, 474, 562, 620, 697, 785, 834], [0, 20, 105, 151, 204, 282, 354], [0, 20, 70, 158, 203, 269, 325, 397, 481], [0, 0, 34, 119, 205, 236, 288]]
[[0], [0, 56, 65, 66, 85, 87], [0, 32, 44, 50, 84, 62, 59, 89], [0, 58, 61, 64, 51, 88, 71, 65, 49, 82], [0, 75, 72, 65, 33], [0, 70, 65, 36, 45, 47, 74, 77, 88, 38, 77, 88, 49, 40], [0, 85, 46, 53, 58, 72, 31], [0, 30, 88, 45, 46, 36, 52, 64, 54], [0, 34, 65, 86, 31, 52, 63]]
60
1
479.09999999999985
[(1, 1), (3, 4), (5, 6)]
[[0], [0, 20, 100, 184, 233, 265, 353, 430, 503, 563], [0, 0, 86, 144, 218, 281, 332, 363, 408, 452, 494, 570], [0, 0, 53, 134, 164, 197, 302], [0, 0, 63, 94], [0, 0, 100, 136, 174, 223, 325, 367, 413, 481, 544, 591, 644, 677, 726], [0, 20, 94, 129, 207, 239, 277, 311, 388, 474, 562, 615, 649, 694], [0, 0, 72, 132, 179, 257, 347, 425, 505, 579, 641], [0, 0, 89, 148, 244, 313, 371, 443]]
[[0], [0, 60, 84, 49, 32, 88, 77, 53, 60, 73], [0, 86, 58, 74, 63, 51, 31, 45, 44, 42, 56, 55], [0, 53, 81, 30, 33, 85, 85], [0, 63, 31, 45], [0, 80, 36, 38, 49, 82, 42, 46, 68, 63, 47, 53, 33, 49, 76], [0, 74, 35, 78, 32, 38, 34, 77, 86, 88, 53, 34, 45, 53], [0, 52, 60, 47, 78, 90, 78, 80, 54, 62, 84], [0, 89, 59, 76, 49, 58, 52, 70]]
60
1
619.5499999999997
[(1, 1), (8, 4)]
[[0], [0, 0, 35, 114, 204, 274, 340, 375, 468, 520, 584, 671], [0, 20, 105, 194, 283, 349, 420, 518, 561, 638, 737, 818, 861, 902], [0, 0, 51, 108, 155, 221], [0, 0, 90, 140, 228], [0, 0, 56, 123, 208, 248, 310, 383, 434, 474], [0, 0, 52, 102, 133], [0, 0, 81, 115, 201, 297, 364, 416, 479, 521], [0, 20, 78, 123, 153, 199, 282, 385, 446]]
[[0], [0, 35, 79, 90, 50, 66, 35, 73, 32, 64, 87, 90], [0, 85, 69, 89, 66, 71, 78, 43, 77, 79, 81, 43, 41, 89], [0, 51, 57, 47, 66, 61], [0, 90, 50, 88, 86], [0, 56, 47, 65, 40, 62, 73, 31, 40, 79], [0, 32, 50, 31, 50], [0, 81, 34, 86, 76, 67, 52, 43, 42, 49], [0, 58, 45, 30, 46, 83, 83, 61, 65]]
60
1
500.1300000000001
[(1, 11), (2, 1)]
[[0], [0, 0, 80, 152, 237, 344, 381, 427, 484, 527, 559], [0, 0, 81], [0, 0, 35, 102, 164, 260, 335, 389], [0, 0, 69, 112, 166, 229, 285, 346, 412, 464, 526, 575], [0, 0, 108, 168, 235, 277, 309], [0, 0, 78, 167], [0, 0, 74], [0, 0, 63, 132, 181, 245, 295, 365, 441, 543, 585]]
[[0], [0, 80, 72, 65, 87, 37, 46, 57, 43, 32, 83], [0, 81, 49], [0, 35, 67, 62, 76, 75, 54, 89], [0, 69, 43, 54, 63, 56, 61, 66, 52, 42, 49, 79], [0, 88, 60, 67, 42, 32, 77], [0, 58, 89, 64], [0, 54, 65], [0, 43, 69, 49, 64, 50, 70, 56, 82, 42, 68]]
60
1
469.15999999999997
[(1, 4), (2, 2), (7, 1), (8, 8)]
[[0], [0, 0, 71, 147], [0, 0, 84, 144, 201, 242, 286, 361, 423, 520, 565], [0, 0, 76, 118, 163, 237, 306, 372, 452], [0, 20, 64, 96, 166, 233, 306], [0, 0, 69, 143, 220, 306, 356, 393, 494, 537, 621, 682, 771, 842, 913], [0, 20, 63, 97, 161, 223], [0, 0, 60, 135, 187, 220, 284, 347, 431, 513, 558, 633], [0, 0, 34]]
[[0], [0, 71, 76, 37], [0, 64, 40, 37, 41, 44, 75, 62, 77, 45, 59], [0, 76, 42, 45, 74, 69, 46, 80, 63], [0, 44, 32, 70, 47, 53, 79], [0, 69, 74, 77, 66, 30, 37, 81, 43, 64, 61, 69, 71, 71, 56], [0, 43, 34, 64, 42, 78], [0, 40, 75, 52, 33, 64, 43, 84, 82, 45, 75, 39], [0, 34, 34]]
60
1
392.41999999999985
[(2, 2), (3, 8), (5, 5), (7, 11)]
[[0], [0, 0, 89, 152, 233, 270, 359, 418, 464, 495, 526, 586, 650, 737, 796, 848], [0, 20, 64, 144, 210, 241, 330, 377, 426, 506, 579, 676], [0, 0, 66, 140, 216, 254, 325, 378, 429, 507, 588, 693, 756, 846, 924, 1007], [0, 0, 83, 170, 264, 346, 421, 481, 568, 611, 654, 752, 810, 881], [0, 0, 67, 106, 169, 219, 310, 376, 426, 492, 545, 597], [0, 0, 77, 164, 227, 275, 382, 456, 509, 589, 631, 666], [0, 20, 96, 157, 220, 285, 315, 363, 415, 500, 545], [0, 0, 108, 140, 249, 322, 408, 486, 543, 593, 681, 750, 821, 896, 937, 999]]
[[0], [0, 69, 63, 81, 37, 89, 59, 46, 31, 31, 60, 64, 87, 59, 32, 66], [0, 44, 80, 46, 31, 89, 47, 49, 80, 73, 77, 61], [0, 66, 74, 76, 38, 51, 53, 51, 78, 81, 85, 63, 90, 78, 63, 46], [0, 83, 87, 74, 82, 75, 60, 87, 43, 43, 78, 58, 71, 65], [0, 67, 39, 43, 50, 71, 46, 30, 66, 33, 52, 86], [0, 77, 87, 63, 48, 87, 54, 33, 80, 42, 35, 72], [0, 76, 61, 63, 65, 30, 48, 52, 85, 45, 43], [0, 88, 32, 89, 73, 86, 78, 57, 50, 88, 69, 71, 55, 41, 62, 38]]
60
1
720.5899999999999
[(2, 1), (6, 6), (8, 2)]
[[0], [0, 0, 87, 191, 279, 367, 417], [0, 0, 90, 167], [0, 0, 59, 92, 197], [0, 0, 49], [0, 0, 86, 170, 255, 320, 370, 417, 490, 546, 597, 662, 737], [0, 0, 69, 99, 155, 206, 295, 332, 407, 448, 496], [0, 0, 42, 112, 152, 237, 320, 426, 506, 546, 610, 712, 749, 829, 911, 961], [0, 0, 107]]
[[0], [0, 87, 84, 88, 88, 50, 58], [0, 70, 57, 37], [0, 59, 33, 85, 34], [0, 49, 70], [0, 66, 84, 85, 65, 50, 47, 73, 56, 51, 45, 75, 43], [0, 49, 30, 56, 51, 89, 37, 75, 41, 48, 43], [0, 42, 50, 40, 85, 83, 86, 80, 40, 44, 82, 37, 60, 62, 50, 66], [0, 87, 89]]
60
1
435.6300000000001
[(4, 2), (7, 10)]
[[0], [0, 0, 85, 165, 225, 305], [0, 20, 93, 177, 250, 335, 390, 437, 487, 581, 661, 700, 776, 806], [0, 20, 60, 124, 172, 241, 311, 360, 441, 471, 527, 598], [0, 0, 50], [0, 20, 84, 133, 173, 218, 284, 366, 454], [0, 0, 75], [0, 0, 36], [0, 0, 42, 108, 193, 294, 360, 392, 479, 567, 620]]
[[0], [0, 65, 80, 40, 80, 76], [0, 53, 84, 73, 65, 55, 47, 50, 74, 80, 39, 76, 30, 75], [0, 40, 64, 48, 69, 50, 49, 81, 30, 56, 71, 79], [0, 50, 86], [0, 64, 49, 40, 45, 66, 82, 68, 89], [0, 75, 79], [0, 36, 43], [0, 42, 46, 85, 81, 66, 32, 67, 68, 53, 76]]
60
1
407.98999999999995
[(2, 1), (4, 2)]
[[0], [0, 0, 63, 141, 236, 299, 356, 443, 514, 564, 631, 684], [0, 0, 87, 166, 230, 280, 317, 413, 459, 510, 596, 682, 761, 865], [0, 0, 82], [0, 0, 58, 145, 247, 283, 351, 424], [0, 0, 39, 69, 156, 230, 334, 399, 444, 501, 547, 613, 689, 784, 869, 941], [0, 0, 73, 133, 200, 279], [0, 0, 57, 153, 194, 262, 336, 412, 512, 573, 619], [0, 0, 86, 118, 167, 207, 285, 372, 438, 506]]
[[0], [0, 63, 78, 75, 43, 37, 87, 71, 50, 47, 53, 62], [0, 87, 79, 64, 50, 37, 76, 46, 31, 86, 86, 79, 84, 62], [0, 82, 68], [0, 58, 87, 82, 36, 68, 73, 68], [0, 39, 30, 87, 54, 84, 45, 45, 57, 46, 66, 76, 75, 65, 52, 78], [0, 73, 60, 67, 59, 89], [0, 37, 76, 41, 48, 54, 76, 80, 41, 46, 41], [0, 66, 32, 49, 40, 78, 87, 46, 68, 45]]
60
1
597.2100000000003
[(1, 4), (2, 7), (5, 6), (7, 2)]
[[0], [0, 0, 31, 114, 168, 226, 267, 349, 425, 512, 559, 637, 727], [0, 0, 81, 149, 223, 311, 372, 416, 481, 562, 628, 724], [0, 0, 84, 151, 235, 305, 377, 425, 485, 544, 624], [0, 20, 65, 142, 182, 221, 302, 332, 367, 399, 465], [0, 0, 30, 60, 90, 134], [0, 0, 80, 169, 279, 337, 387, 437, 497, 559, 614, 688], [0, 20, 96, 155, 245, 316, 376, 423, 470], [0, 0, 30, 62]]
[[0], [0, 31, 83, 54, 38, 41, 82, 56, 87, 47, 78, 70, 41], [0, 81, 68, 74, 88, 41, 44, 65, 61, 66, 76, 61], [0, 84, 47, 84, 70, 52, 48, 40, 59, 80, 86], [0, 45, 57, 40, 39, 81, 30, 35, 32, 66, 43], [0, 30, 30, 30, 44, 83], [0, 60, 89, 90, 58, 50, 50, 60, 42, 55, 74, 68], [0, 76, 39, 90, 71, 60, 47, 47, 65], [0, 30, 32, 57]]
60
1
597.26
[(1, 5), (3, 10), (4, 1)]
[[0], [0, 20, 62, 155, 222, 271, 358, 421], [0, 20, 101, 201, 302, 405, 481, 552, 636, 713, 802, 898], [0, 0, 43, 73, 132, 217, 288, 362, 435, 511, 570, 657, 715], [0, 20, 69, 106, 157], [0, 0, 86, 172, 228, 282, 351, 441, 490], [0, 20, 53, 128, 188, 225, 310, 354, 437, 514, 598, 685, 772, 817, 857], [0, 0, 60, 103, 175, 206, 272, 354, 430, 497], [0, 0, 86, 151, 204, 277, 322]]
[[0], [0, 42, 73, 47, 49, 87, 43, 49], [0, 81, 80, 81, 83, 76, 71, 84, 77, 69, 76, 46], [0, 43, 30, 59, 65, 51, 74, 73, 56, 59, 87, 38, 59], [0, 49, 37, 51, 37], [0, 86, 86, 56, 34, 69, 90, 49, 66], [0, 33, 75, 40, 37, 85, 44, 83, 77, 84, 87, 87, 45, 40, 66], [0, 60, 43, 72, 31, 66, 82, 76, 67, 69], [0, 86, 65, 33, 73, 45, 68]]
60
1
564.7399999999999
[(1, 3), (2, 3), (6, 1), (7, 9)]
[[0], [0, 0, 36], [0, 20, 77], [0, 20, 104, 210, 258, 323, 388, 440, 536], [0, 0, 31, 104, 158, 231, 276, 345, 390, 450, 484, 543, 600, 695], [0, 0, 49, 105, 175, 218, 254, 326, 404, 437, 495], [0, 20, 67, 135, 222, 264, 297, 353, 419], [0, 0, 44, 84, 152, 210], [0, 0, 63, 112, 200, 284, 370, 457, 495, 525, 598, 657, 712, 758, 791, 828]]
[[0], [0, 36, 57], [0, 57, 48], [0, 64, 86, 48, 65, 65, 52, 76, 52], [0, 31, 73, 54, 73, 45, 69, 45, 60, 34, 59, 37, 75, 38], [0, 49, 56, 70, 43, 36, 72, 58, 33, 38, 78], [0, 47, 48, 87, 42, 33, 56, 66, 71], [0, 44, 40, 68, 58, 82], [0, 43, 49, 68, 84, 66, 67, 38, 30, 73, 59, 55, 46, 33, 37, 82]]
60
1
462.76000000000005
[(8, 2)]
[[0], [0, 0, 50, 101, 168, 253, 294, 368, 439, 469, 532, 601, 653, 707, 775], [0, 0, 70, 143, 203, 248, 285, 337, 392, 463], [0, 0, 79, 114, 195, 238, 268, 319, 363, 415, 467, 546, 617, 664, 705, 747], [0, 0, 46, 109, 141, 175, 279, 323, 367, 438, 507, 575, 613, 697], [0, 0, 58, 148, 229, 270, 327, 411, 500, 560, 609], [0, 0, 56, 154, 241], [0, 0, 62, 151, 236, 303, 340, 423, 523, 560, 627], [0, 20, 57, 125]]
[[0], [0, 30, 31, 67, 85, 41, 54, 71, 30, 63, 49, 52, 34, 68, 58], [0, 50, 53, 60, 45, 37, 32, 55, 51, 63], [0, 79, 35, 61, 43, 30, 31, 44, 52, 32, 59, 71, 47, 41, 42, 51], [0, 46, 43, 32, 34, 84, 44, 44, 71, 69, 68, 38, 84, 44], [0, 58, 90, 61, 41, 57, 84, 89, 60, 49, 47], [0, 56, 78, 67, 40], [0, 62, 89, 65, 67, 37, 83, 80, 37, 67, 70], [0, 37, 68, 57]]
60
1
504.08
[(1, 2), (3, 10)]
[[0], [0, 0, 40, 111, 159, 218, 270, 352, 402, 502, 586, 656, 709, 812], [0, 0, 44, 84, 120, 155, 195, 273, 358, 421, 514, 572, 607], [0, 0, 81, 144, 186, 271, 350, 408, 456, 487, 543], [0, 0, 80, 128, 188, 220, 308], [0, 0, 70, 109], [0, 0, 54, 162, 241, 331, 384], [0, 20, 57], [0, 0, 103, 171, 214, 300, 341, 398]]
[[0], [0, 40, 51, 48, 59, 32, 82, 50, 80, 84, 50, 53, 83, 67], [0, 44, 40, 36, 35, 40, 78, 85, 63, 73, 58, 35, 36], [0, 61, 63, 42, 65, 79, 58, 48, 31, 56, 90], [0, 60, 48, 60, 32, 88, 47], [0, 50, 39, 64], [0, 54, 88, 79, 70, 33, 35], [0, 37, 43], [0, 83, 68, 43, 86, 41, 57, 50]]
60
1
499.6200000000001
[(1, 3), (2, 12), (4, 6), (8, 7)]
[[0], [0, 0, 79, 142, 230], [0, 0, 50, 90, 141, 245, 304, 403, 448, 529], [0, 0, 37, 86], [0, 0, 59, 117, 163, 215, 283, 364, 460, 497], [0, 0, 66, 115, 172, 226, 268, 329, 418, 506, 594, 671, 734, 781], [0, 20, 86, 169, 210, 305, 355, 420, 486, 551, 612, 675, 726], [0, 0, 100, 156, 235], [0, 20, 73, 140, 219, 313, 356, 402, 496, 553]]
[[0], [0, 79, 43, 68, 77], [0, 30, 40, 51, 84, 59, 79, 45, 61, 45], [0, 37, 49, 56], [0, 59, 58, 46, 52, 48, 61, 76, 37, 65], [0, 66, 49, 57, 54, 42, 61, 89, 88, 68, 77, 63, 47, 62], [0, 66, 83, 41, 75, 50, 45, 66, 65, 61, 63, 31, 82], [0, 80, 56, 79, 83], [0, 53, 67, 79, 74, 43, 46, 74, 37, 40]]
60
1
552.7300000000001
[(4, 6), (7, 3)]
[[0], [0, 0, 72, 102, 145, 179, 215, 276, 323, 357, 393, 461, 544, 624], [0, 20, 55, 134, 210, 266, 333, 388, 429, 498, 539, 629, 712], [0, 20, 105, 159], [0, 0, 75, 117, 192, 271, 319, 367, 425, 506, 566, 635], [0, 0, 68, 156, 208, 313, 379, 436, 478, 514, 566, 652], [0, 20, 90, 159, 227, 276], [0, 0, 39, 103, 136, 179, 230, 261, 295, 345, 382, 424, 495, 555, 645, 729], [0, 0, 79, 169, 259, 331, 408, 446, 550, 627, 674, 716]]
[[0], [0, 72, 30, 43, 34, 36, 61, 47, 34, 36, 68, 83, 80, 77], [0, 35, 79, 76, 56, 67, 35, 41, 69, 41, 90, 83, 42], [0, 65, 54, 85], [0, 75, 42, 55, 79, 48, 48, 58, 81, 40, 69, 35], [0, 68, 88, 52, 85, 66, 57, 42, 36, 52, 86, 41], [0, 70, 69, 68, 49, 46], [0, 39, 64, 33, 43, 51, 31, 34, 30, 37, 42, 71, 60, 90, 84, 90], [0, 79, 90, 90, 72, 77, 38, 84, 57, 47, 42, 75]]
60
1
712.45
[(1, 13), (3, 1)]
[[0], [0, 0, 61, 171, 256, 314, 385, 456, 493, 540, 594, 630, 710, 755, 833], [0, 20, 56, 138, 195, 285, 374], [0, 0, 58, 151, 184, 226, 258, 363, 454, 514, 570, 675, 725, 792, 899, 977], [0, 0, 55, 103, 170, 208, 268, 320, 377, 461, 556, 632, 735], [0, 20, 125, 180, 257, 296, 355, 424], [0, 0, 61, 109, 141, 247, 304], [0, 20, 106, 157, 218, 256, 341, 405, 475, 540], [0, 0, 75, 164, 253]]
[[0], [0, 61, 90, 85, 58, 71, 71, 37, 47, 34, 36, 80, 45, 78, 76], [0, 36, 62, 57, 70, 89, 40], [0, 58, 73, 33, 42, 32, 85, 71, 60, 56, 85, 50, 47, 87, 58, 69], [0, 55, 48, 67, 38, 60, 52, 57, 84, 75, 56, 83, 83], [0, 85, 55, 77, 39, 59, 69, 88], [0, 61, 48, 32, 86, 57, 52], [0, 66, 31, 61, 38, 85, 64, 70, 65, 63], [0, 55, 89, 89, 72]]
60
1
638.44
[(3, 7), (5, 1)]
[[0], [0, 0, 89, 146, 230, 273, 378, 459, 526, 621, 689, 750, 854, 935, 992, 1055], [0, 0, 33, 96, 146, 218, 279, 325, 403], [0, 20, 89, 193, 276, 333, 375, 457], [0, 0, 63, 147, 227, 281, 350, 426, 526, 576, 679, 730, 803, 867, 903], [0, 20, 58, 119, 159], [0, 0, 43, 108, 183, 221, 267], [0, 0, 106, 166, 233], [0, 20, 125, 192, 229, 280, 361, 435, 486, 555, 617]]
[[0], [0, 89, 37, 84, 43, 85, 81, 67, 75, 48, 61, 84, 81, 57, 43, 69], [0, 33, 63, 50, 72, 61, 46, 78, 45], [0, 69, 84, 83, 37, 42, 62, 82], [0, 63, 84, 80, 34, 69, 76, 80, 50, 83, 31, 73, 64, 36, 45], [0, 38, 41, 40, 76], [0, 43, 65, 75, 38, 46, 34], [0, 86, 40, 67, 74], [0, 85, 67, 37, 31, 61, 54, 51, 69, 62, 52]]
60
1
569.8900000000001
[(1, 3), (3, 7), (7, 2), (8, 5)]
[[0], [0, 0, 44, 93, 176, 248, 337, 398, 463, 525, 588, 670, 720], [0, 0, 54, 125, 224, 303, 346, 417, 491], [0, 0, 61, 159, 236, 334], [0, 0, 73, 112, 187, 252, 304, 380, 439, 497, 537], [0, 0, 79, 113, 159, 191, 241, 310, 351], [0, 0, 87, 151, 238, 302, 363, 435, 484, 578, 668], [0, 20, 70, 143, 225, 280, 356, 391, 429, 493], [0, 0, 82, 114]]
[[0], [0, 44, 49, 83, 72, 89, 41, 65, 42, 63, 82, 30, 38], [0, 54, 71, 79, 79, 43, 71, 54, 66], [0, 61, 78, 77, 78, 80], [0, 53, 39, 55, 65, 52, 76, 59, 58, 40, 39], [0, 79, 34, 46, 32, 50, 69, 41, 55], [0, 87, 64, 87, 44, 41, 52, 49, 74, 90, 59], [0, 50, 73, 82, 55, 56, 35, 38, 64, 86], [0, 82, 32, 40]]
60
1
544.88
[(5, 8), (6, 5)]
[[0], [0, 0, 83, 150, 213, 286, 354, 418], [0, 0, 103, 161, 226, 303, 360, 405, 484, 570, 636, 723, 795, 852, 957, 1023], [0, 0, 51, 125, 185, 284, 341, 374], [0, 0, 87, 130], [0, 0, 64, 132, 200, 305, 390, 475, 576, 636, 692, 752, 805], [0, 20, 108], [0, 20, 57, 116, 160, 228, 307, 356, 464, 568, 603, 662, 719], [0, 0, 95, 146]]
[[0], [0, 83, 67, 63, 53, 68, 64, 72], [0, 83, 58, 45, 77, 57, 45, 79, 86, 66, 67, 72, 37, 85, 46, 59], [0, 51, 74, 60, 79, 37, 33, 33], [0, 87, 43, 59], [0, 64, 68, 68, 85, 85, 85, 81, 60, 36, 60, 53, 52], [0, 88, 61], [0, 37, 59, 44, 68, 79, 49, 88, 84, 35, 59, 57, 37], [0, 75, 51, 46]]
60
1
533.3400000000003
[(2, 2), (7, 8)]
[[0], [0, 20, 104, 154], [0, 20, 80, 148, 188, 286, 372, 473, 524, 591, 644, 720, 806, 874], [0, 0, 35, 120, 222, 256, 324, 389, 425, 464, 504], [0, 20, 51, 97, 148, 238, 292, 357, 409, 486], [0, 0, 42, 112, 204, 292, 335, 405], [0, 0, 85, 136, 180], [0, 0, 70, 134, 169], [0, 0, 52, 160, 240, 326, 370, 420, 457, 541, 614]]
[[0], [0, 64, 50, 35], [0, 60, 68, 40, 78, 66, 81, 51, 67, 53, 76, 86, 68, 89], [0, 35, 65, 82, 34, 68, 45, 36, 39, 40, 39], [0, 31, 46, 51, 70, 54, 65, 52, 77, 53], [0, 42, 70, 72, 68, 43, 70, 75], [0, 85, 51, 44, 36], [0, 70, 64, 35, 66], [0, 52, 88, 80, 66, 44, 50, 37, 84, 73, 81]]
60
1
436.11
[(1, 1), (2, 5), (5, 4)]
[[0], [0, 0, 81, 136, 204, 264, 304], [0, 0, 65, 104, 179, 224], [0, 0, 65, 136, 204, 267, 331, 415, 460, 531, 606, 674, 779, 836, 922, 1018], [0, 20, 55, 160, 235, 298, 384, 445, 501, 581, 616, 670, 712, 744, 802], [0, 20, 106, 147, 202, 232, 290, 390, 489, 526, 563, 646, 721, 770, 823], [0, 20, 93, 139, 171, 245, 293], [0, 0, 85, 161, 249], [0, 0, 76, 147, 230, 314, 393, 438, 497, 583, 647, 718, 803, 871, 930]]
[[0], [0, 81, 35, 68, 40, 40, 81], [0, 45, 39, 75, 45, 47], [0, 65, 71, 68, 63, 64, 84, 45, 71, 55, 48, 85, 57, 86, 76, 79], [0, 35, 85, 75, 63, 66, 61, 56, 60, 35, 54, 42, 32, 58, 31], [0, 86, 41, 55, 30, 58, 80, 79, 37, 37, 63, 75, 49, 53, 80], [0, 73, 46, 32, 74, 48, 65], [0, 85, 76, 68, 82], [0, 56, 71, 83, 84, 79, 45, 59, 86, 64, 71, 85, 68, 59, 83]]
60
1
672.31
[(3, 10), (4, 1), (5, 7)]
[[0], [0, 0, 64, 122, 186, 274, 336, 378, 415], [0, 0, 87, 120, 195, 284, 358], [0, 20, 57, 143, 203], [0, 0, 62, 148, 252, 285, 352, 431, 463, 516, 585], [0, 0, 52, 139, 226, 276, 311, 416, 488, 549, 634, 716, 777, 843, 914, 976], [0, 20, 74, 133, 215, 248, 319, 392, 476, 569], [0, 0, 66], [0, 0, 46, 91, 133, 195, 241, 302, 412, 497, 592, 668]]
[[0], [0, 64, 58, 44, 88, 62, 42, 37, 77], [0, 87, 33, 55, 89, 54, 70], [0, 37, 86, 40, 62], [0, 42, 86, 84, 33, 47, 59, 32, 53, 49, 65], [0, 52, 67, 87, 50, 35, 85, 52, 61, 85, 82, 41, 66, 71, 42, 72], [0, 34, 39, 62, 33, 51, 53, 84, 73, 74], [0, 66, 51], [0, 46, 45, 42, 62, 46, 61, 90, 85, 75, 76, 53]]
60
1
492.28
[(5, 7), (6, 1), (7, 2)]
[[0], [0, 0, 78], [0, 20, 106, 166, 207, 305, 396, 430, 511, 607, 680, 724, 781, 822], [0, 0, 48, 120], [0, 0, 80, 187, 253, 328, 391, 435, 499, 568], [0, 0, 46, 88, 121], [0, 0, 47, 103, 184, 216, 252, 329, 403, 454, 498, 577], [0, 0, 95, 132, 168, 213], [0, 0, 82, 138, 199, 244, 330, 364]]
[[0], [0, 58, 74], [0, 86, 40, 41, 78, 71, 34, 61, 76, 73, 44, 57, 41, 37], [0, 48, 52, 39], [0, 80, 87, 46, 75, 63, 44, 64, 69, 74], [0, 46, 42, 33, 74], [0, 47, 56, 61, 32, 36, 77, 74, 51, 44, 79, 55], [0, 75, 37, 36, 45, 48], [0, 82, 56, 61, 45, 86, 34, 67]]
60
1
411.34
[(2, 1), (4, 3)]
