[[0], [0, 0, 67, 122, 190], [0, 20, 54, 147], [0, 0, 71], [0, 20, 100, 179], [0, 0, 62, 113, 189], [0, 0, 87, 156], [0, 0, 80], [0, 0, 71, 116, 156]]
[[0], [0, 67, 55, 68, 62], [0, 34, 73, 56], [0, 71, 64], [0, 80, 79, 64], [0, 62, 51, 76, 36], [0, 87, 69, 53], [0, 80, 50], [0, 51, 45, 40, 38]]
60
3
217.92000000000004
[(7, 1)]
[[0], [0, 0, 59, 153, 225, 309], [0, 0, 53], [0, 20, 93, 140], [0, 0, 52, 129, 211], [0, 20, 74, 148, 230, 275], [0, 0, 40, 90, 169, 227], [0, 0, 37], [0, 0, 40, 83, 138, 185]]
[[0], [0, 59, 74, 72, 64, 35], [0, 53, 81], [0, 53, 47, 41], [0, 52, 77, 82, 31], [0, 54, 74, 82, 45, 34], [0, 40, 30, 79, 58, 88], [0, 37, 37], [0, 40, 43, 55, 47, 90]]
60
3
273.61
[]
[[0], [0, 0, 101, 172, 254], [0, 0, 79, 109], [0, 0, 69, 114, 173], [0, 0, 58, 144, 200, 278], [0, 0, 60, 120], [0, 20, 53], [0, 20, 54], [0, 20, 71]]
[[0], [0, 81, 71, 82, 84], [0, 79, 30, 46], [0, 69, 45, 59, 47], [0, 38, 86, 56, 58, 40], [0, 60, 60, 76], [0, 33, 48], [0, 34, 86], [0, 31, 71]]
60
3
215.94000000000005
[(3, 4), (5, 3), (6, 2)]
[[0], [0, 20, 50, 104, 193, 237], [0, 0, 72, 152], [0, 20, 110], [0, 0, 85, 143], [0, 0, 39, 125, 172, 252], [0, 0, 67, 102, 176], [0, 0, 43, 98, 174, 204], [0, 20, 81]]
[[0], [0, 30, 54, 89, 44, 49], [0, 72, 80, 83], [0, 90, 85], [0, 85, 58, 82], [0, 39, 86, 47, 80, 81], [0, 47, 35, 74, 50], [0, 43, 35, 76, 30, 34], [0, 61, 83]]
60
3
244.60999999999996
[(6, 4), (7, 5), (8, 1)]
[[0], [0, 0, 73, 128], [0, 0, 77, 144, 224], [0, 0, 81, 131, 204, 250], [0, 0, 76], [0, 0, 88, 134, 171, 256], [0, 0, 87, 182, 255, 313], [0, 0, 88, 150, 214, 300], [0, 0, 60, 123, 165]]
[[0], [0, 53, 55, 54], [0, 77, 47, 80, 75], [0, 81, 50, 73, 46, 77], [0, 56, 75], [0, 88, 46, 37, 85, 36], [0, 87, 75, 73, 58, 39], [0, 68, 62, 64, 86, 72], [0, 60, 63, 42, 73]]
60
3
331.61
[(4, 2)]
[[0], [0, 0, 32, 126, 187, 274], [0, 20, 91, 137, 197, 229], [0, 0, 31, 99, 166], [0, 0, 90, 137, 219, 295], [0, 0, 72, 145, 219], [0, 0, 65, 134, 166, 211], [0, 0, 75, 156, 230], [0, 0, 78, 128]]
[[0], [0, 32, 74, 61, 87, 47], [0, 51, 46, 60, 32, 69], [0, 31, 48, 67, 39], [0, 90, 47, 82, 76, 68], [0, 72, 73, 74, 38], [0, 65, 69, 32, 45, 49], [0, 75, 81, 54, 38], [0, 78, 50, 70]]
60
3
352.7500000000001
[(2, 1), (3, 4), (7, 4)]
[[0], [0, 20, 108], [0, 0, 77, 131, 239], [0, 0, 80, 162], [0, 0, 72, 126], [0, 0, 30, 87, 162, 203], [0, 20, 106, 167, 213], [0, 20, 87, 178, 215, 298], [0, 20, 93, 154, 231, 281]]
[[0], [0, 88, 36], [0, 77, 54, 88, 83], [0, 60, 82, 47], [0, 72, 54, 87], [0, 30, 57, 55, 41, 88], [0, 86, 61, 46, 88], [0, 67, 71, 37, 83, 89], [0, 73, 61, 77, 30, 70]]
60
3
275.43
[(4, 1)]
[[0], [0, 0, 60, 135], [0, 0, 40], [0, 0, 79, 114, 203], [0, 0, 80, 169, 232], [0, 0, 90, 177, 234, 321], [0, 20, 72, 124], [0, 0, 39], [0, 0, 36, 108, 196, 266]]
[[0], [0, 60, 55, 43], [0, 40, 66], [0, 59, 35, 89, 43], [0, 80, 89, 43, 86], [0, 90, 87, 57, 87, 81], [0, 32, 52, 71], [0, 39, 44], [0, 36, 72, 88, 70, 60]]
60
3
209.95999999999998
[(4, 4), (5, 5), (6, 1), (7, 1)]
[[0], [0, 20, 98, 165, 221], [0, 0, 107, 143, 229, 286], [0, 0, 55, 126, 180], [0, 20, 66, 128, 190, 291], [0, 0, 43], [0, 0, 90, 144], [0, 20, 93, 187, 237], [0, 0, 88, 165, 227, 273]]
[[0], [0, 78, 67, 36, 38], [0, 87, 36, 66, 37, 90], [0, 55, 71, 54, 57], [0, 46, 42, 62, 81, 43], [0, 43, 82], [0, 90, 54, 33], [0, 53, 74, 30, 82], [0, 88, 77, 62, 46, 44]]
60
3
313.91999999999996
[(4, 1), (5, 2), (7, 1)]
[[0], [0, 0, 49, 109, 179], [0, 0, 66, 118, 164, 236], [0, 20, 90, 161], [0, 0, 56, 107, 144, 244], [0, 0, 79, 113, 174, 267], [0, 0, 55, 145], [0, 0, 47], [0, 0, 47]]
[[0], [0, 49, 60, 50, 32], [0, 46, 52, 46, 72, 54], [0, 70, 71, 86], [0, 36, 31, 37, 80, 70], [0, 59, 34, 61, 73, 84], [0, 35, 90, 78], [0, 47, 88], [0, 47, 78]]
60
3
284.39
[]
[[0], [0, 0, 76, 134], [0, 0, 64, 141, 224], [0, 0, 33], [0, 0, 57, 93, 157], [0, 0, 67, 105, 191, 240], [0, 0, 32, 73, 157], [0, 0, 39], [0, 0, 89, 130]]
[[0], [0, 76, 38, 82], [0, 64, 77, 63, 87], [0, 33, 59], [0, 37, 36, 64, 82], [0, 47, 38, 86, 49, 76], [0, 32, 41, 64, 42], [0, 39, 43], [0, 89, 41, 74]]
60
3
227.5500000000001
[(5, 5)]
[[0], [0, 0, 83, 150, 217, 250], [0, 0, 89, 188, 220, 298], [0, 0, 30, 98, 178], [0, 0, 73], [0, 0, 101, 143, 228], [0, 20, 96], [0, 0, 30, 112], [0, 0, 67, 155]]
[[0], [0, 83, 67, 47, 33, 49], [0, 69, 79, 32, 78, 60], [0, 30, 68, 80, 51], [0, 73, 72], [0, 81, 42, 85, 49], [0, 76, 84], [0, 30, 82, 38], [0, 67, 68, 50]]
60
3
249.45999999999998
[(2, 2), (6, 2), (8, 2)]
[[0], [0, 0, 94], [0, 0, 44, 126], [0, 0, 65], [0, 0, 73, 154, 234, 296], [0, 0, 40], [0, 0, 75], [0, 0, 30, 128, 205], [0, 0, 83, 171]]
[[0], [0, 74, 49], [0, 44, 82, 85], [0, 65, 51], [0, 73, 61, 80, 42, 60], [0, 40, 45], [0, 55, 33], [0, 30, 78, 77, 70], [0, 83, 88, 59]]
60
3
210.45999999999998
[]
[[0], [0, 0, 106, 167], [0, 20, 92], [0, 0, 46], [0, 0, 73], [0, 0, 85, 193, 269], [0, 0, 32, 105], [0, 0, 32, 84, 125, 188], [0, 0, 72]]
[[0], [0, 86, 61, 49], [0, 72, 82], [0, 46, 69], [0, 73, 86], [0, 65, 88, 76, 67], [0, 32, 73, 81], [0, 32, 52, 41, 63, 81], [0, 72, 47]]
60
3
194.86
[(2, 2), (3, 1), (5, 2), (7, 5)]
[[0], [0, 20, 104, 193, 255], [0, 20, 64, 139, 201], [0, 0, 45], [0, 0, 75, 159, 231], [0, 0, 51, 115], [0, 0, 103, 146, 236, 345], [0, 20, 70, 126, 157], [0, 0, 100, 169, 208, 263]]
[[0], [0, 84, 89, 42, 90], [0, 44, 75, 62, 74], [0, 45, 53], [0, 75, 84, 52, 55], [0, 51, 64, 31], [0, 83, 43, 90, 89, 37], [0, 50, 56, 31, 77], [0, 80, 49, 39, 55, 71]]
60
3
267.39
[(4, 4), (8, 2)]
[[0], [0, 0, 53, 159, 211, 242], [0, 0, 72, 136, 210, 247], [0, 0, 62, 134], [0, 0, 52, 117, 190, 247], [0, 20, 92, 169, 242], [0, 0, 66, 108, 143], [0, 0, 88, 134, 180], [0, 20, 78, 135, 187]]
[[0], [0, 53, 86, 52, 31, 46], [0, 72, 44, 74, 37, 53], [0, 62, 52, 87], [0, 52, 65, 73, 57, 59], [0, 72, 77, 73, 79], [0, 66, 42, 35, 60], [0, 88, 46, 46, 50], [0, 58, 57, 52, 31]]
60
3
317.36999999999995
[(6, 3)]
[[0], [0, 0, 85, 153], [0, 0, 46, 134, 237], [0, 0, 60, 134], [0, 0, 30, 111, 165], [0, 0, 73, 127, 169], [0, 20, 97, 143], [0, 0, 71, 127, 202], [0, 0, 48]]
[[0], [0, 85, 48, 51], [0, 46, 88, 83, 32], [0, 40, 74, 71], [0, 30, 81, 34, 42], [0, 73, 54, 42, 57], [0, 77, 46, 48], [0, 71, 36, 75, 56], [0, 48, 64]]
60
3
193.44
[(7, 4)]
[[0], [0, 20, 105, 179, 268], [0, 20, 100, 131, 214, 291], [0, 0, 33, 94, 143, 222], [0, 20, 104], [0, 0, 63, 134, 227, 265], [0, 20, 87, 174], [0, 0, 37], [0, 0, 55, 85, 128, 215]]
[[0], [0, 85, 74, 89, 74], [0, 60, 31, 83, 77, 35], [0, 33, 41, 49, 79, 39], [0, 64, 78], [0, 43, 71, 73, 38, 86], [0, 67, 67, 70], [0, 37, 32], [0, 55, 30, 43, 67, 38]]
60
3
243.05999999999997
[(2, 1), (7, 1)]
[[0], [0, 20, 104, 162], [0, 0, 56, 120], [0, 20, 68], [0, 0, 73, 126, 198, 265], [0, 20, 99], [0, 0, 76], [0, 0, 88, 139, 210, 258], [0, 0, 62]]
[[0], [0, 84, 58, 77], [0, 56, 64, 88], [0, 48, 33], [0, 73, 53, 72, 67, 47], [0, 79, 78], [0, 76, 85], [0, 68, 51, 71, 48, 31], [0, 62, 76]]
60
3
203.81000000000006
[(5, 1)]
[[0], [0, 0, 32, 102], [0, 20, 101], [0, 0, 85, 123, 214, 273], [0, 20, 85, 155], [0, 0, 103, 151, 193, 253], [0, 0, 66, 127], [0, 0, 52, 107, 142, 199], [0, 20, 64]]
[[0], [0, 32, 50, 51], [0, 81, 50], [0, 65, 38, 71, 59, 81], [0, 65, 70, 66], [0, 83, 48, 42, 60, 73], [0, 66, 61, 55], [0, 52, 35, 35, 37, 84], [0, 44, 61]]
60
3
230.64999999999995
[(1, 3), (2, 2), (5, 5)]
[[0], [0, 0, 71], [0, 0, 85, 135, 199, 251], [0, 0, 35, 123, 193, 293], [0, 0, 105, 174, 249], [0, 0, 49], [0, 0, 47, 122], [0, 20, 84, 151, 248], [0, 0, 104, 172, 243]]
[[0], [0, 71, 90], [0, 65, 50, 64, 32, 39], [0, 35, 88, 50, 80, 57], [0, 85, 69, 75, 64], [0, 49, 84], [0, 47, 55, 41], [0, 44, 47, 77, 49], [0, 84, 48, 71, 79]]
60
3
239.49999999999997
[(5, 2), (7, 1), (8, 1)]
[[0], [0, 0, 68, 131], [0, 20, 104], [0, 20, 58, 154, 230, 263], [0, 20, 127, 199], [0, 0, 70, 156, 218], [0, 0, 66, 166], [0, 0, 31], [0, 20, 69, 120, 204, 289]]
[[0], [0, 48, 63, 74], [0, 84, 78], [0, 38, 76, 76, 33, 50], [0, 87, 72, 86], [0, 70, 86, 62, 53], [0, 66, 80, 33], [0, 31, 83], [0, 49, 51, 84, 65, 40]]
60
3
238.02999999999997
[(7, 1)]
[[0], [0, 0, 68, 141, 228, 311], [0, 20, 91], [0, 0, 82, 162, 220], [0, 0, 74, 127, 203], [0, 0, 70, 120, 197, 272], [0, 20, 108], [0, 0, 71, 108], [0, 0, 45, 80, 129, 203]]
[[0], [0, 68, 73, 87, 83, 90], [0, 51, 48], [0, 82, 80, 38, 89], [0, 74, 53, 56, 55], [0, 70, 50, 77, 75, 66], [0, 68, 45], [0, 71, 37, 66], [0, 45, 35, 49, 74, 61]]
60
3
267.90000000000003
[(4, 4), (6, 2)]
[[0], [0, 0, 66, 100, 160], [0, 20, 81, 131, 191], [0, 20, 91, 125, 164, 249], [0, 0, 67, 141], [0, 20, 69, 146, 235], [0, 20, 56], [0, 0, 31, 99], [0, 0, 31]]
[[0], [0, 46, 34, 60, 35], [0, 61, 50, 60, 32], [0, 71, 34, 39, 65, 66], [0, 67, 74, 58], [0, 49, 57, 69, 67], [0, 36, 62], [0, 31, 68, 71], [0, 31, 75]]
60
3
222.88999999999996
[(2, 3)]
[[0], [0, 0, 88], [0, 0, 86, 123], [0, 20, 82], [0, 20, 83, 128, 190, 248], [0, 0, 51, 127, 166], [0, 20, 78, 156, 216, 253], [0, 0, 52, 114, 155], [0, 0, 52, 115, 177, 226]]
[[0], [0, 88, 35], [0, 86, 37, 86], [0, 62, 47], [0, 63, 45, 62, 58, 52], [0, 51, 76, 39, 53], [0, 58, 78, 40, 37, 50], [0, 52, 42, 41, 66], [0, 52, 43, 62, 49, 59]]
60
3
247.3700000000001
[(1, 1), (2, 3)]
[[0], [0, 20, 69], [0, 0, 71, 141, 229, 299], [0, 0, 66, 150, 229, 297], [0, 0, 54, 107, 178, 244], [0, 0, 82, 138], [0, 20, 57], [0, 0, 51, 85, 167], [0, 0, 35, 84]]
[[0], [0, 49, 37], [0, 51, 50, 88, 70, 46], [0, 66, 84, 79, 68, 34], [0, 54, 53, 71, 66, 62], [0, 82, 56, 59], [0, 37, 32], [0, 31, 34, 82, 36], [0, 35, 49, 59]]
60
3
230.33
[(5, 3)]
[[0], [0, 0, 107, 137, 189], [0, 0, 91, 180, 241], [0, 0, 73, 175], [0, 0, 51], [0, 20, 108], [0, 0, 48], [0, 0, 41, 120, 169], [0, 0, 33, 106, 178]]
[[0], [0, 87, 30, 32, 31], [0, 71, 89, 61, 69], [0, 73, 82, 53], [0, 51, 55], [0, 88, 57], [0, 48, 67], [0, 41, 79, 49, 73], [0, 33, 73, 72, 63]]
60
3
233.99
[(4, 2)]
[[0], [0, 20, 63, 124], [0, 20, 51, 159, 192, 258], [0, 0, 64, 128, 159], [0, 20, 91, 169, 262], [0, 20, 53, 103], [0, 0, 80, 153, 216, 280], [0, 0, 45, 139], [0, 0, 31, 96, 138]]
[[0], [0, 43, 61, 53], [0, 31, 88, 33, 66, 75], [0, 64, 44, 31, 32], [0, 71, 78, 73, 55], [0, 33, 50, 90], [0, 80, 73, 63, 44, 84], [0, 45, 74, 47], [0, 31, 45, 42, 78]]
60
3
305.07000000000005
[(2, 1)]
[[0], [0, 0, 50, 106], [0, 20, 78], [0, 0, 106, 171], [0, 0, 74, 116, 153], [0, 0, 39, 106], [0, 0, 65, 136, 206], [0, 20, 57, 135, 220, 290], [0, 0, 32]]
[[0], [0, 50, 56, 43], [0, 58, 70], [0, 86, 65, 37], [0, 74, 42, 37, 39], [0, 39, 47, 72], [0, 65, 51, 70, 35], [0, 37, 78, 85, 70, 35], [0, 32, 60]]
60
3
195.34999999999994
[(3, 3), (4, 4)]
[[0], [0, 0, 58, 96, 156, 193], [0, 0, 88, 177, 256, 302], [0, 0, 63, 138, 215], [0, 0, 63, 110], [0, 0, 45], [0, 0, 46, 78], [0, 0, 89, 150, 212], [0, 0, 58, 113, 170]]
[[0], [0, 38, 38, 60, 37, 63], [0, 68, 89, 79, 46, 50], [0, 63, 75, 77, 45], [0, 63, 47, 54], [0, 45, 46], [0, 46, 32, 32], [0, 89, 61, 62, 38], [0, 58, 35, 37, 46]]
60
3
268.59999999999997
[(4, 3)]
