[[0], [0, 0, 66, 144], [0, 20, 98, 183, 256, 320], [0, 0, 45], [0, 0, 42], [0, 0, 42, 82, 124, 173], [0, 0, 48, 134], [0, 20, 78, 178, 237], [0, 0, 40, 103, 160]]
[[0], [0, 66, 78, 35], [0, 78, 85, 53, 44, 31], [0, 45, 32], [0, 42, 86], [0, 42, 40, 42, 49, 70], [0, 48, 86, 75], [0, 58, 80, 59, 52], [0, 40, 63, 57, 69]]
60
1
225.89000000000004
[(8, 4)]
[[0], [0, 0, 30, 118, 197], [0, 20, 59, 129], [0, 0, 37, 115, 186, 258], [0, 0, 76, 129, 195, 270], [0, 0, 40], [0, 0, 88, 159, 190, 275], [0, 20, 83, 150, 196], [0, 20, 73, 123, 175]]
[[0], [0, 30, 88, 59, 66], [0, 39, 70, 48], [0, 37, 78, 71, 72, 37], [0, 76, 53, 46, 75, 39], [0, 40, 85], [0, 68, 71, 31, 85, 34], [0, 63, 67, 46, 51], [0, 53, 50, 52, 86]]
60
1
284.49
[(2, 1)]
[[0], [0, 0, 100, 187, 268], [0, 20, 60, 116, 203, 257], [0, 0, 86, 159, 265, 324], [0, 20, 81], [0, 0, 50, 102, 165], [0, 0, 80], [0, 20, 70, 176, 243, 342], [0, 20, 99, 189, 297]]
[[0], [0, 80, 67, 81, 77], [0, 40, 36, 67, 54, 60], [0, 86, 53, 86, 59, 76], [0, 61, 44], [0, 50, 52, 63, 83], [0, 80, 53], [0, 50, 86, 67, 79, 36], [0, 79, 70, 88, 41]]
60
1
274.06
[(2, 3)]
[[0], [0, 20, 95], [0, 20, 109, 211], [0, 0, 41, 77, 157, 227], [0, 0, 67, 107, 181], [0, 0, 83, 147], [0, 20, 57, 133], [0, 0, 45, 88], [0, 0, 51]]
[[0], [0, 75, 75], [0, 89, 82, 69], [0, 41, 36, 80, 50, 48], [0, 67, 40, 74, 44], [0, 83, 44, 69], [0, 37, 76, 43], [0, 45, 43, 43], [0, 31, 47]]
60
1
223.14999999999998
[(1, 2), (2, 3), (8, 2)]
[[0], [0, 0, 81, 168, 251, 317], [0, 0, 65, 146, 193], [0, 20, 80], [0, 0, 56], [0, 20, 103, 189], [0, 0, 64, 112], [0, 0, 49, 112, 145, 216], [0, 20, 52]]
[[0], [0, 81, 87, 83, 66, 79], [0, 65, 61, 47, 31], [0, 60, 34], [0, 36, 82], [0, 83, 86, 48], [0, 44, 48, 68], [0, 49, 63, 33, 71, 35], [0, 32, 88]]
60
1
228.84000000000006
[]
[[0], [0, 20, 88, 123], [0, 20, 79, 120, 166, 271], [0, 0, 37, 114, 173], [0, 20, 75], [0, 0, 81, 188], [0, 0, 110, 185, 236, 328], [0, 0, 64], [0, 0, 85]]
[[0], [0, 68, 35, 48], [0, 59, 41, 46, 85, 46], [0, 37, 57, 59, 47], [0, 55, 74], [0, 81, 87, 90], [0, 90, 75, 31, 72, 45], [0, 64, 36], [0, 85, 74]]
60
1
243.53000000000003
[(3, 4)]
[[0], [0, 20, 97, 183], [0, 0, 70, 106], [0, 0, 41, 106, 183], [0, 0, 88, 153, 219], [0, 0, 88], [0, 20, 108], [0, 20, 68, 168, 250], [0, 20, 89, 139, 169, 215]]
[[0], [0, 77, 66, 80], [0, 70, 36, 44], [0, 41, 65, 77, 39], [0, 88, 65, 66, 51], [0, 88, 88], [0, 88, 77], [0, 48, 80, 82, 65], [0, 69, 30, 30, 46, 74]]
60
1
250.82000000000005
[(1, 1), (4, 4)]
[[0], [0, 20, 67, 151, 200, 249], [0, 0, 55, 111, 142, 226], [0, 0, 58, 133, 180], [0, 0, 75], [0, 0, 110], [0, 20, 107, 192, 261, 310], [0, 20, 78], [0, 0, 64]]
[[0], [0, 47, 84, 49, 49, 49], [0, 35, 56, 31, 84, 49], [0, 58, 75, 47, 87], [0, 55, 35], [0, 90, 57], [0, 87, 85, 49, 49, 38], [0, 58, 57], [0, 64, 53]]
60
1
229.12999999999997
[(3, 4), (7, 2)]
[[0], [0, 20, 80], [0, 0, 54, 129, 201], [0, 0, 36, 133, 177, 263], [0, 0, 39, 99, 140, 195], [0, 0, 46, 151, 259], [0, 0, 99, 177, 256, 331], [0, 0, 76, 128], [0, 0, 89, 179, 251]]
[[0], [0, 60, 78], [0, 54, 75, 72, 37], [0, 36, 77, 44, 86, 61], [0, 39, 60, 41, 35, 77], [0, 46, 85, 88, 84], [0, 79, 78, 79, 75, 40], [0, 76, 32, 47], [0, 89, 90, 52, 47]]
60
1
304.02000000000004
[]
[[0], [0, 20, 80, 170], [0, 0, 69], [0, 0, 54, 139, 199], [0, 0, 43, 139, 219, 306], [0, 0, 52], [0, 0, 42, 126, 192], [0, 0, 85, 159, 199], [0, 0, 68, 139, 239, 297]]
[[0], [0, 60, 70, 78], [0, 69, 60], [0, 54, 85, 60, 86], [0, 43, 76, 80, 87, 34], [0, 32, 65], [0, 42, 84, 66, 67], [0, 85, 54, 40, 63], [0, 68, 71, 80, 38, 49]]
60
1
249.84
[(3, 4)]
[[0], [0, 0, 85, 155], [0, 0, 30, 94], [0, 0, 47, 112], [0, 0, 84, 170, 200, 248], [0, 0, 93, 153, 230, 304], [0, 0, 44, 77, 165, 246], [0, 0, 79, 125, 212], [0, 0, 82, 164]]
[[0], [0, 85, 70, 57], [0, 30, 64, 61], [0, 47, 65, 73], [0, 84, 86, 30, 48, 33], [0, 73, 60, 77, 74, 66], [0, 44, 33, 88, 61, 62], [0, 79, 46, 87, 79], [0, 62, 82, 70]]
60
1
326.2
[]
[[0], [0, 0, 90], [0, 0, 89, 149, 235, 304], [0, 0, 81], [0, 0, 74], [0, 0, 45], [0, 20, 66, 105, 167, 197], [0, 0, 55, 142], [0, 20, 68, 119, 169, 205]]
[[0], [0, 70, 42], [0, 89, 60, 66, 69, 68], [0, 81, 45], [0, 74, 66], [0, 45, 51], [0, 46, 39, 62, 30, 65], [0, 55, 87, 57], [0, 48, 51, 50, 36, 33]]
60
1
197.33
[(5, 2)]
[[0], [0, 0, 40, 96, 129], [0, 0, 47, 137], [0, 20, 72, 139, 190, 250], [0, 0, 87, 148, 178, 268], [0, 0, 84], [0, 0, 82, 151, 202], [0, 0, 86, 161, 205, 247], [0, 20, 76, 116, 171, 238]]
[[0], [0, 40, 56, 33, 89], [0, 47, 90, 79], [0, 52, 47, 51, 60, 76], [0, 87, 41, 30, 90, 52], [0, 84, 51], [0, 62, 69, 31, 32], [0, 86, 75, 44, 42, 40], [0, 56, 40, 35, 67, 76]]
60
1
278.18
[(4, 5), (5, 2)]
[[0], [0, 20, 65, 145], [0, 20, 102, 182], [0, 0, 53], [0, 0, 58], [0, 0, 58], [0, 20, 76, 143], [0, 0, 101, 183, 216], [0, 0, 55, 92, 149, 195]]
[[0], [0, 45, 80, 63], [0, 82, 80, 35], [0, 53, 48], [0, 58, 34], [0, 58, 50], [0, 56, 67, 37], [0, 81, 82, 33, 54], [0, 35, 37, 57, 46, 34]]
60
1
184.84
[(3, 2)]
[[0], [0, 0, 80, 167], [0, 0, 84], [0, 0, 69, 118], [0, 0, 96, 149, 192, 263], [0, 20, 103, 206, 293], [0, 0, 58], [0, 0, 42, 111, 179], [0, 0, 37]]
[[0], [0, 80, 87, 66], [0, 64, 70], [0, 49, 49, 37], [0, 76, 53, 43, 51, 60], [0, 83, 83, 87, 40], [0, 38, 70], [0, 42, 69, 68, 47], [0, 37, 33]]
60
1
214.02000000000004
[(2, 1), (5, 4)]
[[0], [0, 0, 70, 143], [0, 0, 75, 133, 237], [0, 0, 82, 143], [0, 0, 84], [0, 0, 77, 147, 210], [0, 20, 81, 143, 215], [0, 20, 92], [0, 0, 45, 126, 190, 254]]
[[0], [0, 70, 73, 49], [0, 75, 58, 84, 74], [0, 82, 61, 32], [0, 84, 69], [0, 77, 70, 43, 56], [0, 41, 62, 72, 49], [0, 72, 75], [0, 45, 81, 64, 64, 63]]
60
1
256.0400000000001
[(6, 1)]
[[0], [0, 0, 80, 118, 174], [0, 0, 80, 124], [0, 0, 31], [0, 20, 69, 148], [0, 0, 61], [0, 0, 89, 126], [0, 0, 68], [0, 0, 37, 79]]
[[0], [0, 80, 38, 56, 88], [0, 60, 44, 72], [0, 31, 57], [0, 49, 79, 78], [0, 61, 82], [0, 89, 37, 38], [0, 68, 35], [0, 37, 42, 60]]
60
1
197.96999999999997
[(8, 3)]
[[0], [0, 0, 96], [0, 20, 104], [0, 0, 58, 117], [0, 0, 78, 149, 203], [0, 0, 52, 116, 178], [0, 20, 102, 161], [0, 0, 65, 141], [0, 0, 51]]
[[0], [0, 76, 89], [0, 84, 39], [0, 58, 59, 40], [0, 58, 71, 54, 83], [0, 52, 64, 62, 52], [0, 62, 59, 43], [0, 65, 76, 32], [0, 51, 71]]
60
1
220.55
[(5, 4)]
[[0], [0, 20, 126, 172], [0, 0, 84, 140, 228], [0, 0, 82, 132, 194, 259], [0, 0, 72, 159, 242], [0, 0, 59, 162], [0, 0, 42], [0, 0, 80, 134], [0, 0, 67]]
[[0], [0, 86, 46, 88], [0, 84, 56, 88, 85], [0, 62, 50, 42, 65, 86], [0, 52, 87, 83, 60], [0, 59, 83, 47], [0, 42, 33], [0, 80, 54, 35], [0, 67, 36]]
60
1
241.87000000000006
[]
[[0], [0, 0, 86, 120, 171, 261], [0, 0, 55, 99], [0, 0, 71], [0, 0, 67, 133, 229, 270], [0, 0, 63, 105, 175, 205], [0, 0, 37, 120, 203, 293], [0, 0, 52, 82, 150], [0, 20, 85, 140, 196]]
[[0], [0, 86, 34, 51, 90, 61], [0, 55, 44, 34], [0, 71, 63], [0, 67, 66, 76, 41, 31], [0, 63, 42, 50, 30, 75], [0, 37, 83, 63, 90, 90], [0, 52, 30, 68, 59], [0, 65, 35, 36, 67]]
60
1
309.62
[(3, 2)]
[[0], [0, 20, 97], [0, 0, 65, 167], [0, 0, 85, 123], [0, 0, 44, 100], [0, 0, 51, 126, 187], [0, 0, 84, 137, 183, 226], [0, 0, 52], [0, 0, 38, 93]]
[[0], [0, 77, 33], [0, 65, 82, 47], [0, 85, 38, 83], [0, 44, 56, 85], [0, 51, 75, 61, 55], [0, 84, 53, 46, 43, 80], [0, 52, 71], [0, 38, 55, 87]]
60
1
207.25
[(5, 4), (8, 3)]
[[0], [0, 0, 75, 162], [0, 20, 82, 125, 176], [0, 0, 83, 132, 185], [0, 20, 82, 149, 206, 263], [0, 0, 63, 173], [0, 0, 78, 129, 162], [0, 0, 65, 106, 170, 220], [0, 0, 62, 149]]
[[0], [0, 75, 67, 52], [0, 62, 43, 51, 73], [0, 83, 49, 53, 59], [0, 42, 67, 37, 57, 30], [0, 43, 90, 83], [0, 58, 51, 33, 78], [0, 65, 41, 64, 50, 85], [0, 62, 87, 32]]
60
1
232.84000000000003
[(1, 3), (5, 2), (7, 5)]
[[0], [0, 0, 59, 99, 171], [0, 0, 80, 130], [0, 0, 88, 132], [0, 0, 63], [0, 0, 58], [0, 20, 77, 186, 241, 277], [0, 20, 98, 191, 290], [0, 0, 84, 157]]
[[0], [0, 59, 40, 72, 52], [0, 80, 50, 90], [0, 88, 44, 64], [0, 63, 52], [0, 58, 73], [0, 57, 89, 55, 36, 43], [0, 78, 73, 79, 69], [0, 84, 73, 76]]
60
1
268.4099999999999
[(3, 3), (5, 2), (6, 5)]
[[0], [0, 0, 82, 151], [0, 0, 80], [0, 0, 48, 157], [0, 20, 72, 110, 183, 266], [0, 0, 41, 79, 125], [0, 0, 38, 82, 164, 223], [0, 0, 80, 132, 195], [0, 0, 71, 148, 227, 278]]
[[0], [0, 82, 69, 49], [0, 60, 48], [0, 48, 89, 34], [0, 52, 38, 73, 83, 43], [0, 41, 38, 46, 83], [0, 38, 44, 82, 39, 40], [0, 60, 52, 63, 52], [0, 51, 77, 59, 31, 66]]
60
1
227.76000000000002
[(1, 3), (2, 1)]
[[0], [0, 0, 69], [0, 0, 80, 132, 203], [0, 0, 107, 210, 298, 341], [0, 0, 62, 119, 196, 235], [0, 0, 60, 129, 183], [0, 20, 56, 125, 205], [0, 0, 84, 167], [0, 0, 72]]
[[0], [0, 69, 78], [0, 60, 52, 71, 53], [0, 87, 83, 88, 43, 55], [0, 62, 37, 77, 39, 32], [0, 60, 69, 54, 60], [0, 36, 69, 80, 68], [0, 84, 83, 54], [0, 72, 60]]
60
1
267.79
[(3, 2), (6, 4)]
[[0], [0, 0, 62, 124, 164], [0, 20, 74, 145, 228, 334], [0, 0, 109, 190, 294, 332], [0, 0, 41, 128, 193], [0, 0, 56, 143], [0, 0, 53, 135, 205, 255], [0, 0, 65], [0, 0, 59, 148, 217]]
[[0], [0, 62, 42, 40, 53], [0, 54, 71, 83, 86, 84], [0, 89, 81, 84, 38, 89], [0, 41, 87, 65, 44], [0, 36, 87, 63], [0, 53, 82, 70, 30, 78], [0, 65, 36], [0, 59, 69, 49, 87]]
60
1
290.0400000000001
[(1, 4), (3, 5), (7, 1)]
[[0], [0, 0, 74, 129], [0, 0, 108, 182], [0, 0, 55, 120, 173], [0, 20, 113, 211, 280, 361], [0, 20, 85, 169, 238], [0, 20, 116, 168], [0, 0, 41, 97, 128, 177], [0, 0, 82, 146, 203, 246]]
[[0], [0, 54, 55, 76], [0, 88, 74, 76], [0, 55, 65, 33, 77], [0, 73, 78, 69, 81, 81], [0, 65, 84, 69, 35], [0, 76, 52, 35], [0, 41, 56, 31, 49, 88], [0, 82, 64, 57, 43, 69]]
60
1
285.63
[(1, 3), (4, 1)]
[[0], [0, 0, 63, 160], [0, 20, 108, 185], [0, 0, 35, 103, 184, 259], [0, 0, 73], [0, 0, 87, 169, 205], [0, 0, 40], [0, 0, 50, 104, 157], [0, 0, 67, 127]]
[[0], [0, 43, 77, 61], [0, 88, 77, 31], [0, 35, 68, 81, 75, 44], [0, 73, 59], [0, 67, 82, 36, 76], [0, 40, 48], [0, 50, 54, 53, 64], [0, 67, 60, 37]]
60
1
201.86999999999995
[(1, 2), (2, 3)]
[[0], [0, 0, 73], [0, 20, 60, 148], [0, 0, 43, 106, 191, 267], [0, 0, 69], [0, 0, 90], [0, 20, 79], [0, 0, 69, 128], [0, 0, 62, 117, 154, 203]]
[[0], [0, 73, 71], [0, 40, 88, 84], [0, 43, 43, 85, 56, 53], [0, 69, 49], [0, 90, 31], [0, 59, 82], [0, 69, 59, 82], [0, 42, 55, 37, 49, 89]]
60
1
207.9
[(2, 3), (5, 2)]
[[0], [0, 0, 56, 118, 166, 253], [0, 20, 84, 154, 232], [0, 0, 79, 162, 222], [0, 0, 40, 123, 186], [0, 20, 62, 141, 223, 291], [0, 20, 106, 182], [0, 0, 48], [0, 20, 88, 125, 163]]
[[0], [0, 56, 62, 48, 87, 71], [0, 64, 70, 78, 80], [0, 59, 83, 60, 60], [0, 40, 83, 63, 66], [0, 42, 79, 62, 48, 57], [0, 86, 56, 80], [0, 48, 83], [0, 68, 37, 38, 69]]
60
1
281.45000000000005
[(1, 5)]
