[[0], [0, 20, 101, 169, 203, 274, 357, 413], [0, 20, 62, 135, 205], [0, 20, 50, 127, 202, 276], [0, 0, 51, 82], [0, 20, 77, 129, 212, 277, 327], [0, 0, 79, 154, 233, 317, 348, 438, 496, 573, 609], [0, 20, 108, 158, 217, 305, 355, 426, 479, 569, 644, 709, 776], [0, 0, 56, 136, 180, 254, 297, 347, 400, 476, 566]]
[[0], [0, 81, 48, 34, 51, 83, 56, 44], [0, 42, 53, 70, 87], [0, 30, 57, 55, 74, 47], [0, 51, 31, 63], [0, 57, 52, 63, 65, 50, 40], [0, 79, 55, 79, 84, 31, 90, 58, 77, 36, 64], [0, 88, 30, 59, 68, 50, 51, 33, 90, 75, 45, 67, 54], [0, 36, 60, 44, 74, 43, 50, 53, 76, 90, 36]]
60
3
453.45
[(1, 1), (2, 3), (7, 1), (8, 2)]
[[0], [0, 0, 55, 136, 217, 293, 373, 404, 475, 564, 619, 709], [0, 20, 71, 160, 209, 265, 351, 434, 532, 618, 698, 793, 864, 924, 1004], [0, 0, 31, 71, 154, 214], [0, 0, 35, 90, 168, 253, 309, 381, 448, 516, 588, 640, 709, 765, 802, 882], [0, 0, 57, 103, 136, 210, 256, 319, 362, 408, 481, 519, 601, 664, 739], [0, 0, 65, 109, 177, 222, 301, 367, 454, 504, 577], [0, 0, 59, 94, 128, 193, 271, 325, 394, 470, 552], [0, 0, 61, 139]]
[[0], [0, 55, 81, 81, 76, 60, 31, 71, 89, 35, 90, 58], [0, 51, 89, 49, 56, 66, 63, 78, 66, 60, 75, 71, 60, 60, 33], [0, 31, 40, 83, 60, 36], [0, 35, 55, 78, 65, 36, 52, 67, 68, 72, 52, 69, 56, 37, 60, 80], [0, 57, 46, 33, 54, 46, 63, 43, 46, 73, 38, 62, 63, 75, 87], [0, 65, 44, 68, 45, 79, 66, 67, 50, 53, 75], [0, 59, 35, 34, 65, 78, 54, 49, 76, 62, 48], [0, 61, 78, 89]]
60
3
673.5699999999999
[(2, 6), (4, 5)]
[[0], [0, 20, 110, 184], [0, 0, 57, 166, 237, 284, 365, 440, 516, 597, 658, 716, 765, 825], [0, 0, 66, 134, 202, 296, 375, 432], [0, 20, 75, 125, 181, 238, 313, 352], [0, 0, 73], [0, 0, 77, 132, 198, 269, 322, 408, 440, 543, 630, 704, 798, 850], [0, 20, 80, 153, 243, 322, 389, 428, 477], [0, 0, 105, 151, 246, 346]]
[[0], [0, 90, 74, 69], [0, 57, 89, 71, 47, 81, 75, 76, 81, 61, 58, 49, 60, 85], [0, 66, 48, 68, 74, 79, 57, 34], [0, 55, 50, 36, 57, 55, 39, 69], [0, 53, 64], [0, 77, 55, 46, 71, 53, 66, 32, 83, 87, 74, 74, 52, 56], [0, 40, 73, 90, 59, 67, 39, 49, 68], [0, 85, 46, 75, 80, 68]]
60
3
529.6999999999999
[(4, 7), (6, 4)]
[[0], [0, 0, 58, 123, 184, 235, 294, 334, 365, 418, 483, 585, 633], [0, 0, 85, 146, 231, 323, 359, 465, 530, 596, 636, 713, 774], [0, 0, 58, 155, 199, 287, 344], [0, 0, 94, 149, 186, 264], [0, 0, 80, 119, 190, 259], [0, 0, 44, 138, 193, 276, 346, 426, 481, 523, 592, 679, 713], [0, 0, 59, 91, 139, 203, 278, 346, 416, 485, 555, 617, 661, 744], [0, 20, 104, 194, 275, 318, 371]]
[[0], [0, 58, 65, 41, 51, 59, 40, 31, 53, 65, 82, 48, 59], [0, 85, 61, 65, 72, 36, 86, 65, 66, 40, 57, 61, 77], [0, 38, 77, 44, 88, 57, 71], [0, 74, 35, 37, 78, 85], [0, 80, 39, 71, 69, 33], [0, 44, 74, 55, 63, 70, 60, 55, 42, 69, 87, 34, 62], [0, 59, 32, 48, 64, 55, 68, 70, 69, 70, 62, 44, 83, 90], [0, 84, 70, 81, 43, 53, 68]]
60
3
579.0599999999998
[(2, 4), (4, 2), (6, 3), (8, 1)]
[[0], [0, 0, 41, 109, 187], [0, 20, 50, 134, 170, 250, 336, 366, 405, 465, 522], [0, 0, 72, 119], [0, 0, 31, 109, 192, 260, 341, 419, 482, 573, 614, 683, 724], [0, 20, 105, 178, 248, 346, 418], [0, 20, 109, 180, 235, 283, 339], [0, 0, 73, 138, 219, 249, 336, 399, 466], [0, 0, 106, 166, 231, 317, 359, 417]]
[[0], [0, 41, 68, 78, 42], [0, 30, 64, 36, 80, 66, 30, 39, 60, 37, 58], [0, 72, 47, 80], [0, 31, 78, 83, 68, 81, 78, 43, 71, 41, 49, 41, 49], [0, 65, 73, 70, 78, 72, 53], [0, 69, 51, 55, 48, 36, 84], [0, 73, 65, 81, 30, 87, 63, 47, 79], [0, 86, 60, 65, 86, 42, 38, 48]]
60
3
415.98
[(1, 3), (2, 1), (5, 1), (6, 1)]
[[0], [0, 20, 71, 103, 181], [0, 0, 78], [0, 0, 70, 126, 213, 290, 351, 405, 456, 532, 611], [0, 0, 90, 171, 208, 311, 385, 418, 488, 575, 624, 674, 772, 843, 892], [0, 20, 82, 151, 210, 284, 375, 462, 514, 560, 612, 669, 722, 810], [0, 0, 56, 102, 176, 245, 329, 418, 474, 525, 585, 653, 732], [0, 0, 45, 104, 170, 211, 271, 335, 427, 468, 519, 608, 653, 711, 751, 785], [0, 20, 59, 111, 187, 252, 306, 371, 479, 566, 605, 651, 718, 785, 890]]
[[0], [0, 51, 32, 58, 37], [0, 58, 30], [0, 70, 56, 87, 77, 61, 34, 31, 76, 79, 57], [0, 90, 81, 37, 83, 74, 33, 70, 87, 49, 50, 78, 71, 49, 31], [0, 62, 69, 59, 74, 71, 67, 52, 46, 52, 57, 53, 88, 65], [0, 56, 46, 74, 69, 84, 89, 56, 51, 60, 68, 59, 76], [0, 45, 59, 46, 41, 40, 64, 72, 41, 51, 89, 45, 58, 40, 34, 81], [0, 39, 32, 76, 65, 54, 45, 88, 87, 39, 46, 67, 67, 85, 31]]
60
3
662.64
[(5, 6), (7, 4), (8, 1)]
[[0], [0, 0, 33, 115], [0, 0, 86, 136, 169, 212, 254, 310, 344, 425, 530, 618, 708], [0, 0, 36, 109, 180, 240, 337, 384, 444, 527, 613, 658, 728, 801, 835], [0, 0, 39, 101, 190], [0, 0, 73, 127, 201], [0, 0, 36, 102, 188, 231, 309, 385, 436], [0, 0, 43, 99, 181, 213], [0, 0, 61, 112, 182]]
[[0], [0, 33, 82, 77], [0, 86, 30, 33, 43, 42, 56, 34, 81, 85, 88, 90, 83], [0, 36, 53, 71, 60, 77, 47, 60, 83, 86, 45, 70, 73, 34, 76], [0, 39, 62, 69, 62], [0, 73, 54, 74, 87], [0, 36, 66, 66, 43, 78, 76, 51, 79], [0, 43, 56, 82, 32, 84], [0, 61, 51, 70, 60]]
60
3
477.15
[(1, 3), (5, 4)]
[[0], [0, 0, 53, 112, 152], [0, 0, 58], [0, 0, 80], [0, 20, 111, 189, 263, 322, 409, 460, 521, 566, 598], [0, 0, 40], [0, 20, 73, 157, 211, 273, 345, 425, 500, 557, 619, 667, 719, 797, 847], [0, 0, 46, 136, 191, 259, 318, 358, 413, 504, 551], [0, 20, 109, 180, 256, 306, 366, 452, 511, 569]]
[[0], [0, 33, 59, 40, 70], [0, 58, 40], [0, 60, 67], [0, 71, 58, 74, 59, 87, 31, 61, 45, 32, 64], [0, 40, 63], [0, 53, 84, 54, 62, 72, 80, 55, 37, 62, 48, 52, 58, 50, 62], [0, 46, 90, 55, 48, 59, 40, 35, 71, 47, 61], [0, 89, 51, 76, 30, 60, 86, 39, 38, 62]]
60
3
370.28
[(3, 2), (4, 1), (6, 8), (8, 1)]
[[0], [0, 0, 96, 170, 201, 248, 314, 417, 506, 595, 665, 749], [0, 0, 39, 116], [0, 0, 81, 122, 173, 251, 291, 352, 387, 484, 560, 651, 696, 757], [0, 0, 75, 129, 202, 257, 309, 375, 464, 504, 576, 625, 665, 728, 764], [0, 0, 83, 124, 211, 299, 347, 377, 443, 479, 514, 603, 687, 756], [0, 0, 106, 183], [0, 0, 81, 179, 242, 326, 404, 445], [0, 0, 87, 138, 189, 239, 347, 381, 416, 485]]
[[0], [0, 76, 74, 31, 47, 46, 83, 89, 89, 70, 84, 78], [0, 39, 77, 53], [0, 61, 41, 51, 78, 40, 41, 35, 77, 76, 71, 45, 61, 57], [0, 75, 54, 73, 55, 52, 66, 89, 40, 72, 49, 40, 63, 36, 55], [0, 83, 41, 87, 88, 48, 30, 66, 36, 35, 89, 84, 69, 58], [0, 86, 77, 52], [0, 81, 78, 63, 84, 78, 41, 88], [0, 87, 31, 51, 50, 88, 34, 35, 69, 69]]
60
3
562.9100000000001
[(1, 6)]
[[0], [0, 0, 35, 73, 161, 213, 271, 350, 395, 470, 518, 577, 650, 713, 769], [0, 0, 95, 191, 256, 304, 374, 432, 528], [0, 0, 56, 139, 185, 217], [0, 20, 50, 101, 133, 206, 265, 351, 413, 476, 515, 554], [0, 0, 68, 142, 194, 290, 341, 398], [0, 20, 107, 186, 255, 289, 326, 359], [0, 20, 58, 93, 143, 214, 246, 325, 396, 453, 517, 585, 653, 724, 760], [0, 20, 91, 158, 210, 267, 347, 380]]
[[0], [0, 35, 38, 88, 52, 58, 79, 45, 75, 48, 59, 53, 63, 56, 58], [0, 75, 76, 65, 48, 70, 58, 76, 84], [0, 56, 83, 46, 32, 37], [0, 30, 51, 32, 53, 59, 66, 62, 63, 39, 39, 63], [0, 68, 54, 52, 76, 31, 57, 52], [0, 87, 79, 69, 34, 37, 33, 89], [0, 38, 35, 50, 71, 32, 79, 71, 57, 64, 68, 68, 71, 36, 73], [0, 71, 67, 52, 37, 60, 33, 66]]
60
3
588.7399999999999
[(6, 7), (8, 4)]
[[0], [0, 20, 105, 153, 240], [0, 0, 57], [0, 0, 84, 145, 196, 257, 315, 403, 492, 563, 608, 718, 793, 900, 945], [0, 0, 53, 120, 150, 219, 258, 326], [0, 0, 40, 113, 185, 275, 319, 396, 460, 524, 599, 641, 701], [0, 20, 97, 164, 249, 320], [0, 0, 103, 207, 245], [0, 0, 50, 140, 192]]
[[0], [0, 65, 48, 87, 85], [0, 57, 88], [0, 84, 61, 51, 61, 58, 68, 89, 71, 45, 90, 75, 87, 45, 90], [0, 53, 67, 30, 69, 39, 48, 38], [0, 40, 73, 52, 90, 44, 57, 64, 64, 75, 42, 60, 43], [0, 57, 67, 85, 71, 90], [0, 83, 84, 38, 46], [0, 50, 70, 52, 45]]
60
3
421.16
[(1, 1), (6, 1), (7, 4)]
[[0], [0, 0, 80, 142, 250, 302, 388], [0, 0, 71, 139, 193, 281, 357, 410, 508, 579, 632, 711, 789], [0, 20, 88, 148, 188], [0, 0, 77, 156, 244, 298, 330, 391, 432, 509, 568, 610, 665, 726, 801], [0, 0, 103, 164, 259, 291, 380, 459, 565, 638, 675, 716], [0, 20, 82, 172, 255], [0, 0, 58, 117, 209, 279, 355, 424, 509, 543, 610, 708, 779, 851], [0, 0, 56, 126, 173, 227, 308, 389, 440, 489, 541, 611, 706]]
[[0], [0, 80, 62, 88, 52, 86, 35], [0, 71, 68, 54, 68, 56, 33, 78, 51, 53, 79, 78, 39], [0, 68, 60, 40, 65], [0, 77, 79, 68, 54, 32, 61, 41, 57, 39, 42, 35, 61, 55, 59], [0, 83, 61, 75, 32, 89, 79, 86, 73, 37, 41, 39], [0, 62, 90, 63, 31], [0, 58, 39, 72, 70, 76, 69, 85, 34, 47, 78, 71, 72, 69], [0, 36, 70, 47, 54, 61, 81, 31, 49, 52, 70, 75, 56]]
60
3
622.4000000000002
[(2, 5), (4, 9), (5, 11), (7, 3)]
[[0], [0, 0, 69, 168, 232], [0, 0, 50, 139, 188, 251, 308, 363], [0, 0, 34, 84, 136, 216, 259, 324], [0, 20, 69, 157, 233, 288, 376, 458, 508, 555, 631, 669, 773, 851, 927], [0, 0, 68, 150, 238, 301, 410, 499, 554], [0, 20, 75, 164, 246, 303, 391, 462, 511, 569, 654], [0, 20, 69, 116, 186, 236, 317, 397, 469, 527], [0, 0, 85, 159, 215, 277, 344, 408, 486]]
[[0], [0, 69, 79, 64, 57], [0, 50, 89, 49, 43, 37, 35, 74], [0, 34, 50, 32, 60, 43, 65, 51], [0, 49, 88, 76, 55, 88, 62, 50, 47, 76, 38, 84, 78, 76, 85], [0, 68, 82, 68, 63, 89, 69, 55, 44], [0, 55, 89, 62, 57, 68, 71, 49, 38, 65, 41], [0, 49, 47, 70, 50, 81, 60, 52, 58, 36], [0, 85, 74, 56, 62, 47, 64, 78, 70]]
60
3
645.9599999999996
[(5, 4), (6, 4)]
[[0], [0, 20, 55, 113, 194], [0, 0, 49, 100, 155, 229, 304, 347, 449, 530, 587, 659, 704, 794, 845], [0, 0, 103, 190, 252, 299, 408, 450, 495], [0, 0, 32, 65, 142, 193, 242, 293, 323, 397, 468, 557, 610, 682, 737], [0, 0, 61, 114, 201, 310, 369, 446, 528, 600, 686], [0, 0, 94, 132, 217, 285, 355, 410, 500, 559, 617, 665, 774], [0, 0, 90, 155, 222, 303, 364, 449, 494, 528, 580], [0, 0, 78, 149, 192, 227, 265, 325, 359, 437, 501, 567, 610, 665, 751, 829]]
[[0], [0, 35, 58, 81, 87], [0, 49, 51, 35, 74, 75, 43, 82, 81, 57, 72, 45, 90, 51, 54], [0, 83, 87, 42, 47, 89, 42, 45, 66], [0, 32, 33, 77, 51, 49, 51, 30, 74, 51, 89, 33, 72, 55, 83], [0, 61, 53, 87, 89, 59, 77, 82, 72, 86, 63], [0, 74, 38, 85, 48, 70, 55, 90, 39, 38, 48, 89, 48], [0, 70, 65, 67, 81, 41, 85, 45, 34, 52, 74], [0, 78, 71, 43, 35, 38, 60, 34, 78, 44, 46, 43, 55, 86, 78, 79]]
60
3
693.1800000000001
[(3, 1), (6, 2), (8, 10)]
[[0], [0, 0, 81, 162], [0, 0, 60, 158, 208, 269, 355, 445, 485, 538], [0, 0, 76, 137, 232, 326, 425, 487, 526, 574, 682, 737, 791, 821, 903], [0, 0, 69, 122, 189, 278, 340, 376, 416], [0, 0, 58, 148], [0, 0, 65, 141, 182, 221, 301, 387, 469, 527, 568], [0, 0, 89, 170, 241, 326], [0, 0, 51, 82, 165, 224, 271, 355]]
[[0], [0, 81, 81, 83], [0, 60, 78, 30, 61, 86, 90, 40, 53, 50], [0, 56, 41, 75, 74, 79, 62, 39, 48, 88, 35, 34, 30, 82, 67], [0, 69, 53, 67, 89, 62, 36, 40, 41], [0, 58, 70, 35], [0, 65, 76, 41, 39, 80, 86, 82, 58, 41, 83], [0, 89, 81, 71, 85, 66], [0, 51, 31, 63, 59, 47, 84, 36]]
60
3
439.8999999999999
[(2, 3), (3, 2), (8, 7)]
[[0], [0, 0, 101, 171, 205, 292, 340, 393, 453, 506, 558, 607, 657, 746, 849], [0, 20, 93, 153, 231, 320, 403, 439, 516, 579, 629, 663, 731, 776], [0, 0, 43, 99, 177, 224, 309, 393, 461, 514, 597, 669, 759, 821, 909], [0, 0, 64, 134, 243, 314, 360, 398, 481, 546, 578, 663, 718], [0, 0, 52, 137, 167, 225, 262, 349, 409, 457], [0, 0, 98, 155, 205, 272, 315, 345, 396], [0, 20, 107, 180, 220, 280, 332, 372, 456, 518, 556], [0, 20, 112, 182, 214, 249, 355, 434, 522, 585, 664, 772]]
[[0], [0, 81, 50, 34, 87, 48, 53, 40, 53, 32, 49, 30, 89, 83, 37], [0, 73, 60, 78, 89, 63, 36, 77, 63, 50, 34, 68, 45, 42], [0, 43, 56, 58, 47, 85, 84, 48, 53, 83, 52, 70, 62, 88, 42], [0, 64, 50, 89, 51, 46, 38, 63, 65, 32, 85, 55, 33], [0, 52, 85, 30, 58, 37, 67, 60, 48, 55], [0, 78, 37, 30, 67, 43, 30, 51, 82], [0, 87, 53, 40, 60, 52, 40, 64, 62, 38, 49], [0, 72, 70, 32, 35, 86, 79, 88, 63, 79, 88, 59]]
60
3
683.9799999999998
[(4, 3), (6, 2), (7, 1), (8, 1)]
[[0], [0, 0, 82, 117, 205, 243, 333], [0, 0, 73, 164, 225], [0, 0, 78, 133, 232, 321, 384, 430, 477, 528, 562, 636, 698, 758], [0, 20, 119, 169, 237, 300, 369, 426, 500, 572, 630, 670, 754, 794, 829, 889], [0, 0, 78, 115, 220, 260, 318, 399, 458, 497, 551, 595, 665, 716, 766, 853], [0, 0, 77, 167, 210], [0, 0, 51, 131, 213, 257, 316, 365, 450, 497, 606, 685, 785, 852, 958, 995], [0, 0, 70, 147, 235, 277, 346, 414, 485, 572, 647, 690]]
[[0], [0, 82, 35, 68, 38, 90, 88], [0, 73, 71, 61, 85], [0, 78, 55, 79, 89, 63, 46, 47, 51, 34, 74, 62, 40, 82], [0, 79, 30, 68, 43, 69, 57, 74, 52, 58, 40, 84, 40, 35, 60, 50], [0, 78, 37, 85, 40, 58, 81, 59, 39, 54, 44, 70, 51, 30, 87, 85], [0, 77, 90, 43, 68], [0, 31, 80, 82, 44, 59, 49, 85, 47, 89, 59, 80, 67, 86, 37, 74], [0, 70, 57, 68, 42, 69, 68, 71, 87, 55, 43, 71]]
60
3
704.5799999999999
[(2, 2), (4, 1), (7, 10), (8, 3)]
[[0], [0, 0, 84, 117, 158, 195, 234, 301, 332, 402, 454, 516], [0, 0, 91], [0, 0, 92, 139], [0, 0, 59, 98, 186], [0, 0, 60, 113, 183, 266, 328, 394, 443], [0, 20, 62, 160, 197, 276, 382, 467, 543, 633], [0, 0, 88, 142, 191, 260, 334, 380, 477, 563], [0, 0, 34, 64, 97, 184, 262, 314, 358, 439, 525, 609, 717]]
[[0], [0, 84, 33, 41, 37, 39, 67, 31, 70, 52, 62, 83], [0, 71, 32], [0, 72, 47, 69], [0, 59, 39, 88, 82], [0, 60, 33, 70, 83, 42, 66, 49, 56], [0, 42, 78, 37, 59, 86, 85, 76, 90, 65], [0, 68, 34, 49, 69, 74, 46, 77, 86, 46], [0, 34, 30, 33, 67, 58, 52, 44, 81, 86, 64, 88, 65]]
60
3
434.91999999999996
[(6, 1), (7, 2), (8, 5)]
[[0], [0, 0, 81, 135, 190, 226, 272, 369, 477, 535, 590, 642, 673, 749], [0, 20, 130], [0, 0, 48, 115, 168, 213, 247, 314, 396, 465, 506, 590, 645, 681, 760], [0, 0, 39, 70, 137, 205, 271, 317], [0, 20, 105, 213, 272, 319, 381, 462, 522, 610, 669, 725, 811, 885], [0, 0, 33], [0, 20, 109, 204, 243, 308, 369, 475, 535, 598, 698], [0, 0, 55, 140, 201, 242, 319]]
[[0], [0, 81, 54, 55, 36, 46, 77, 88, 58, 55, 52, 31, 56, 79], [0, 90, 35], [0, 48, 67, 53, 45, 34, 67, 62, 69, 41, 84, 55, 36, 79, 44], [0, 39, 31, 67, 48, 66, 46, 63], [0, 85, 88, 59, 47, 62, 61, 60, 88, 59, 56, 86, 74, 47], [0, 33, 50], [0, 89, 75, 39, 65, 41, 86, 60, 63, 80, 71], [0, 35, 85, 41, 41, 77, 78]]
60
3
515.35
[(1, 7), (2, 2), (5, 1), (6, 2), (7, 1)]
[[0], [0, 0, 56, 94, 125, 201, 258, 343, 402, 435, 511], [0, 20, 110, 151, 247, 279], [0, 0, 88, 170, 220, 306, 355, 399, 482, 540], [0, 0, 39, 96, 166, 197, 245], [0, 0, 68, 120, 198, 295, 325, 382, 429, 512, 588, 667, 708], [0, 20, 109, 165, 203, 308, 342, 378, 435, 520], [0, 0, 64, 114, 196, 276, 353, 427, 463], [0, 0, 92, 192, 271, 324, 429, 499, 564, 640, 718, 770]]
[[0], [0, 56, 38, 31, 56, 57, 65, 59, 33, 56, 64], [0, 90, 41, 76, 32, 64], [0, 88, 82, 50, 86, 49, 44, 83, 58, 82], [0, 39, 57, 70, 31, 48, 72], [0, 68, 52, 78, 77, 30, 57, 47, 83, 76, 79, 41, 83], [0, 89, 36, 38, 85, 34, 36, 57, 85, 40], [0, 44, 50, 82, 60, 57, 74, 36, 32], [0, 72, 80, 59, 33, 85, 50, 65, 76, 58, 52, 86]]
60
3
550.0500000000001
[(6, 1), (7, 2), (8, 2)]
[[0], [0, 0, 58, 112], [0, 0, 101, 167, 243, 324, 354, 412], [0, 0, 34, 92, 141, 174, 233, 300, 381, 453], [0, 0, 83, 147, 185, 260], [0, 0, 49, 91], [0, 0, 74], [0, 0, 42], [0, 20, 71, 142, 194, 302, 390, 451, 542, 619, 691, 734, 774, 859, 920, 991]]
[[0], [0, 38, 54, 72], [0, 81, 46, 56, 81, 30, 58, 78], [0, 34, 58, 49, 33, 59, 47, 81, 52, 52], [0, 83, 64, 38, 55, 78], [0, 49, 42, 60], [0, 54, 56], [0, 42, 36], [0, 51, 71, 52, 88, 68, 61, 71, 57, 72, 43, 40, 65, 41, 71, 32]]
60
3
322.10999999999996
[(2, 2), (6, 2), (8, 5)]
[[0], [0, 20, 62, 142], [0, 0, 75, 131, 204, 257, 287, 353, 391, 425, 513, 569, 616, 685, 723, 796], [0, 0, 56, 118, 194, 266, 317, 384, 462, 517], [0, 0, 88, 118, 208, 258, 337], [0, 0, 63, 120, 200, 307, 348, 399, 445, 505, 589, 640, 692, 775, 819, 859], [0, 0, 58, 104, 162, 194, 236, 304, 365, 447, 482, 568], [0, 0, 51, 111], [0, 0, 38, 73, 167, 236, 268, 300, 365, 396, 506]]
[[0], [0, 42, 80, 77], [0, 75, 56, 73, 33, 30, 46, 38, 34, 88, 36, 47, 69, 38, 73, 58], [0, 36, 42, 76, 72, 51, 47, 78, 35, 34], [0, 88, 30, 90, 50, 79, 53], [0, 63, 57, 80, 87, 41, 31, 46, 60, 84, 51, 52, 83, 44, 40, 87], [0, 38, 46, 58, 32, 42, 68, 61, 62, 35, 86, 75], [0, 51, 60, 73], [0, 38, 35, 74, 69, 32, 32, 65, 31, 90, 53]]
60
3
618.9600000000002
[(2, 5), (3, 2), (5, 5), (7, 3)]
[[0], [0, 0, 85, 131, 193, 251, 310, 368, 400, 506, 545, 643, 679, 768], [0, 0, 110], [0, 0, 74, 131, 182, 241], [0, 20, 119, 215, 291, 332, 404, 466, 540, 579, 654, 687, 777, 839], [0, 20, 82, 114, 156, 235, 304, 354, 418, 499, 534, 603, 635, 700, 747, 826], [0, 0, 39, 120, 175, 256, 318, 374, 464, 551, 605, 663, 725, 794], [0, 0, 32, 104, 204, 249, 320, 375, 455], [0, 20, 75, 143, 209, 306, 341, 402, 461, 496, 569, 654]]
[[0], [0, 85, 46, 62, 58, 59, 38, 32, 86, 39, 78, 36, 69, 41], [0, 90, 67], [0, 54, 57, 51, 59, 54], [0, 79, 76, 56, 41, 72, 62, 74, 39, 75, 33, 90, 62, 43], [0, 62, 32, 42, 59, 49, 30, 64, 61, 35, 49, 32, 65, 47, 79, 33], [0, 39, 81, 55, 81, 62, 36, 90, 87, 54, 38, 62, 69, 53], [0, 32, 72, 80, 45, 51, 55, 60, 57], [0, 55, 68, 46, 77, 35, 41, 59, 35, 73, 85, 44]]
60
3
542.0100000000003
[(2, 2), (4, 1), (5, 5)]
[[0], [0, 0, 48, 98, 149, 222, 267, 321], [0, 0, 57, 108, 163, 218, 284, 367, 432, 489, 544, 627, 714], [0, 0, 89, 159, 206, 263, 327], [0, 0, 73, 105, 152, 206, 290, 396, 478, 556, 641, 691], [0, 20, 75, 134, 213, 258, 325, 357, 415, 494, 584, 647], [0, 20, 64, 144], [0, 0, 32, 108, 190, 255, 337, 376, 473, 520, 569, 656, 736, 792, 852], [0, 0, 37, 127, 192, 250, 293, 339, 369]]
[[0], [0, 48, 50, 51, 53, 45, 54, 38], [0, 37, 31, 55, 55, 66, 63, 65, 57, 55, 83, 67, 70], [0, 89, 70, 47, 57, 44, 49], [0, 53, 32, 47, 34, 84, 86, 82, 78, 85, 50, 55], [0, 35, 39, 79, 45, 67, 32, 38, 79, 90, 63, 81], [0, 44, 80, 68], [0, 32, 76, 62, 65, 82, 39, 77, 47, 49, 67, 80, 56, 60, 35], [0, 37, 90, 45, 58, 43, 46, 30, 68]]
60
3
508.52
[(2, 2), (5, 1)]
[[0], [0, 0, 80, 166, 257, 289], [0, 0, 86, 134, 190, 232, 320, 391, 477, 558, 606, 696, 730, 774, 864, 930], [0, 20, 97, 134], [0, 20, 59, 129, 167, 254, 343, 395, 474, 526], [0, 0, 76, 133, 223, 293, 343, 401, 439, 490, 533, 593, 661, 729, 801, 890], [0, 0, 73, 128, 231, 312, 393, 439, 547], [0, 0, 62, 101, 208, 267, 340, 428, 495, 568, 619, 660, 761], [0, 0, 106, 143, 222, 259, 349, 400, 441, 515, 554, 621, 705, 741, 784]]
[[0], [0, 60, 86, 71, 32, 53], [0, 66, 48, 56, 42, 68, 71, 66, 81, 48, 90, 34, 44, 90, 66, 51], [0, 77, 37, 78], [0, 39, 70, 38, 87, 89, 52, 79, 52, 38], [0, 76, 57, 90, 50, 50, 58, 38, 51, 43, 40, 68, 68, 72, 89, 89], [0, 73, 55, 83, 61, 81, 46, 88, 33], [0, 62, 39, 87, 59, 73, 88, 67, 53, 51, 41, 81, 38], [0, 86, 37, 59, 37, 70, 51, 41, 54, 39, 67, 64, 36, 43, 45]]
60
3
685.25
[(2, 6), (3, 3), (6, 4), (8, 2)]
[[0], [0, 0, 64, 141, 204, 290, 360, 449, 501, 590, 650, 709], [0, 0, 102, 182, 216, 273, 373, 463, 508, 560, 666, 697, 766, 873], [0, 0, 43, 124, 187, 239, 274, 304, 340, 387, 426, 476, 513, 595, 667], [0, 0, 60, 137], [0, 20, 101, 136, 232, 310, 397, 473, 558, 635, 716, 783], [0, 20, 60, 119, 171], [0, 0, 82, 146, 223], [0, 0, 74, 148, 210, 278, 342, 377, 409, 453, 537, 614]]
[[0], [0, 64, 77, 43, 86, 50, 89, 32, 69, 40, 59, 53], [0, 82, 80, 34, 57, 80, 90, 45, 52, 86, 31, 69, 87, 76], [0, 43, 81, 63, 52, 35, 30, 36, 47, 39, 50, 37, 82, 72, 76], [0, 60, 77, 81], [0, 81, 35, 76, 78, 67, 76, 85, 77, 81, 67, 50], [0, 40, 59, 52, 74], [0, 82, 64, 77, 40], [0, 74, 54, 62, 68, 44, 35, 32, 44, 84, 77, 30]]
60
3
604.7999999999998
[(1, 4), (5, 4), (8, 11)]
[[0], [0, 0, 89, 157, 267, 323, 376], [0, 0, 37, 73, 155, 220, 302, 384, 451, 511, 564, 628, 709], [0, 0, 107, 177, 265], [0, 0, 62, 138], [0, 0, 95, 145, 225, 293, 359, 409, 458, 536, 624], [0, 20, 101, 155, 203, 253, 293, 378], [0, 20, 128, 209, 253, 296, 368, 422, 499, 609, 717, 763], [0, 0, 75, 141, 214]]
[[0], [0, 89, 68, 90, 56, 53, 62], [0, 37, 36, 62, 45, 82, 82, 47, 40, 53, 64, 61, 86], [0, 87, 50, 88, 35], [0, 62, 76, 49], [0, 75, 30, 80, 68, 66, 50, 49, 78, 88, 46], [0, 61, 54, 48, 30, 40, 85, 36], [0, 88, 81, 44, 43, 72, 54, 77, 90, 88, 46, 82], [0, 75, 66, 53, 78]]
60
3
366.4500000000001
[(2, 4), (5, 2), (6, 1), (7, 1)]
[[0], [0, 0, 52, 82, 158, 234, 269, 347, 432, 506], [0, 0, 56, 144, 191, 278, 359, 440, 527, 565], [0, 0, 81, 137, 203, 312, 400, 481, 528, 595, 677], [0, 0, 60, 132, 195, 259, 338, 389, 455], [0, 0, 102, 154, 223, 275, 341, 430, 461, 528, 578, 640], [0, 0, 53, 152, 255, 340, 405, 499, 589, 672, 732, 822, 877], [0, 0, 64], [0, 20, 55, 126, 197, 275, 315, 390, 462]]
[[0], [0, 52, 30, 76, 76, 35, 78, 65, 74, 72], [0, 36, 88, 47, 87, 81, 61, 67, 38, 63], [0, 81, 56, 66, 89, 88, 81, 47, 47, 82, 37], [0, 40, 72, 63, 64, 59, 31, 46, 54], [0, 82, 52, 49, 52, 46, 69, 31, 47, 30, 42, 36], [0, 33, 79, 83, 85, 65, 74, 90, 63, 60, 70, 55, 57], [0, 44, 83], [0, 35, 71, 51, 78, 40, 75, 72, 47]]
60
3
580.8299999999999
[(6, 2)]
[[0], [0, 0, 45], [0, 20, 84, 122, 199, 258, 317, 361, 447, 498, 541, 619, 674, 739], [0, 0, 67, 151, 223, 278, 313, 391, 471, 523, 617, 711, 754, 789, 846], [0, 0, 34, 78, 110, 149], [0, 20, 124, 201, 276, 314, 383, 462, 503, 580, 650, 723, 777], [0, 0, 87, 160, 221, 259, 308, 358], [0, 0, 101, 174, 240, 300, 381, 467, 524, 582, 651, 710, 789, 879, 955, 988], [0, 0, 72, 154, 239, 308]]
[[0], [0, 45, 47], [0, 64, 38, 57, 59, 59, 44, 86, 51, 43, 58, 55, 45, 63], [0, 67, 84, 72, 35, 35, 78, 80, 52, 74, 74, 43, 35, 57, 52], [0, 34, 44, 32, 39, 41], [0, 84, 77, 75, 38, 69, 79, 41, 57, 70, 73, 54, 75], [0, 67, 73, 41, 38, 49, 50, 76], [0, 81, 73, 66, 60, 81, 86, 37, 58, 69, 59, 79, 90, 76, 33, 37], [0, 72, 82, 85, 69, 75]]
60
3
569.7200000000003
[(2, 1), (3, 10), (5, 1), (8, 5)]
[[0], [0, 0, 78, 150, 227, 269, 329, 398, 475, 508, 568, 653], [0, 0, 43, 80, 161, 232, 276, 338, 415, 474], [0, 20, 111, 172, 254, 290, 365, 440, 478, 532, 607, 689, 764], [0, 20, 82, 152, 255, 310, 347, 390, 490, 532], [0, 0, 86, 152, 243, 316, 364, 428, 535, 570, 673, 758, 826, 874], [0, 20, 101, 164, 199, 264, 347, 429, 469, 559, 639], [0, 0, 54, 161, 221, 255, 317, 407, 496], [0, 0, 52, 154, 244, 304, 352, 442, 487, 584, 644, 697, 759, 804, 845, 884]]
[[0], [0, 58, 72, 77, 42, 60, 69, 77, 33, 40, 85, 82], [0, 43, 37, 81, 71, 44, 42, 77, 59, 74], [0, 71, 61, 82, 36, 75, 75, 38, 54, 75, 82, 75, 62], [0, 62, 70, 83, 35, 37, 43, 80, 42, 58], [0, 86, 66, 71, 53, 48, 64, 87, 35, 83, 85, 68, 48, 51], [0, 81, 63, 35, 65, 83, 82, 40, 90, 80, 54], [0, 34, 87, 60, 34, 42, 90, 69, 32], [0, 32, 82, 90, 40, 48, 90, 45, 77, 60, 53, 62, 45, 41, 39, 74]]
60
3
702.5600000000003
[(3, 1), (4, 4), (5, 4), (7, 2), (8, 2)]
