[[0], [0, 0, 101, 170, 244, 348, 393, 431, 497, 581, 651], [0, 0, 61, 142, 229, 289, 342], [0, 0, 78], [0, 0, 73, 113, 165, 274, 332, 393], [0, 20, 83, 141, 226, 304, 407, 467], [0, 0, 51, 112, 212, 260, 358, 393, 464, 532], [0, 20, 106, 183, 236, 337, 409, 519, 568], [0, 0, 72, 159]]
[[0], [0, 81, 69, 54, 84, 45, 38, 66, 64, 70, 54], [0, 61, 61, 87, 60, 33, 40], [0, 78, 65], [0, 73, 40, 32, 89, 58, 61, 31], [0, 63, 38, 85, 78, 83, 60, 75], [0, 51, 61, 80, 48, 78, 35, 71, 68, 80], [0, 86, 57, 53, 81, 52, 90, 49, 57], [0, 72, 87, 31]]
60
1
456.66
[(6, 4), (8, 2)]
[[0], [0, 0, 57, 156, 243, 306, 346, 398, 493], [0, 0, 51, 92], [0, 0, 77, 184, 251, 282, 350, 458, 544, 581], [0, 0, 42, 107, 186, 226, 256, 296, 388, 446], [0, 0, 74], [0, 20, 76, 162, 204, 276, 381, 429, 539], [0, 0, 86], [0, 0, 76, 149]]
[[0], [0, 57, 79, 87, 63, 40, 52, 75, 60], [0, 31, 41, 79], [0, 57, 87, 67, 31, 48, 88, 86, 37, 49], [0, 42, 65, 79, 40, 30, 40, 72, 58, 90], [0, 74, 62], [0, 56, 86, 42, 72, 85, 48, 90, 62], [0, 86, 39], [0, 76, 73, 32]]
60
1
346.69999999999993
[(3, 2)]
[[0], [0, 20, 70, 122, 221], [0, 20, 74, 107, 150, 193], [0, 20, 105, 175, 236, 289, 370, 401, 460], [0, 0, 39, 78, 128, 179, 266, 346, 393, 477, 567], [0, 20, 62, 137], [0, 0, 42, 149, 223, 272, 345, 386], [0, 0, 57, 100, 142], [0, 20, 72, 147, 179, 278]]
[[0], [0, 50, 52, 79, 35], [0, 54, 33, 43, 43, 79], [0, 85, 50, 41, 53, 81, 31, 39, 77], [0, 39, 39, 50, 51, 87, 80, 47, 84, 90, 78], [0, 42, 55, 80], [0, 42, 87, 74, 49, 73, 41, 40], [0, 57, 43, 42, 46], [0, 52, 75, 32, 79, 60]]
60
1
351.6200000000002
[(3, 1), (5, 3)]
[[0], [0, 20, 85, 139, 207, 270, 354, 420], [0, 0, 51], [0, 0, 42], [0, 0, 70, 120, 184, 214, 260, 302], [0, 0, 95], [0, 20, 130], [0, 0, 40, 109, 195, 225, 294, 344, 407, 489], [0, 0, 50, 122, 159, 228, 292, 328, 420]]
[[0], [0, 65, 54, 48, 43, 84, 66, 81], [0, 51, 72], [0, 42, 64], [0, 70, 50, 44, 30, 46, 42, 90], [0, 75, 88], [0, 90, 88], [0, 40, 49, 86, 30, 69, 30, 43, 82, 39], [0, 50, 72, 37, 69, 64, 36, 72, 58]]
60
1
325.14000000000004
[(6, 1), (7, 7)]
[[0], [0, 0, 64, 129, 208], [0, 0, 87, 177, 216], [0, 0, 48, 132, 190], [0, 20, 92], [0, 0, 37], [0, 0, 65, 106, 171, 227, 315, 372, 451], [0, 0, 45, 142, 224, 264, 335, 367, 425, 463, 544], [0, 0, 97, 167, 262, 351, 400, 447]]
[[0], [0, 64, 65, 79, 75], [0, 87, 90, 39, 76], [0, 48, 84, 58, 90], [0, 52, 45], [0, 37, 85], [0, 45, 41, 45, 56, 88, 57, 59, 53], [0, 45, 77, 82, 40, 71, 32, 58, 38, 81, 30], [0, 77, 70, 75, 69, 49, 47, 68]]
60
1
327.02999999999986
[(1, 3), (5, 2), (8, 4)]
[[0], [0, 0, 52, 112, 146, 190, 227], [0, 0, 50, 82, 126], [0, 20, 107, 185, 261, 313, 357, 403, 439, 512, 595], [0, 0, 100, 178, 239], [0, 20, 87, 143], [0, 0, 53, 130, 191, 242], [0, 0, 60, 129], [0, 20, 130, 185, 216, 284]]
[[0], [0, 52, 60, 34, 44, 37, 67], [0, 50, 32, 44, 89], [0, 87, 58, 76, 52, 44, 46, 36, 53, 63, 81], [0, 80, 58, 61, 44], [0, 67, 36, 83], [0, 53, 57, 61, 31, 70], [0, 60, 69, 85], [0, 90, 55, 31, 68, 80]]
60
1
329.18999999999994
[(3, 1)]
[[0], [0, 0, 56, 101, 184, 256, 361, 446, 478], [0, 20, 85, 118, 180, 257], [0, 0, 59, 136, 224, 263, 314, 402, 439], [0, 0, 80, 167, 257, 314, 347, 441, 541, 625, 684], [0, 0, 79, 147], [0, 0, 61], [0, 0, 105, 147, 228, 290], [0, 0, 75]]
[[0], [0, 36, 45, 83, 72, 85, 85, 32, 35], [0, 45, 33, 62, 77, 54], [0, 39, 77, 88, 39, 51, 88, 37, 74], [0, 80, 87, 90, 37, 33, 74, 80, 84, 59, 68], [0, 79, 68, 72], [0, 41, 35], [0, 85, 42, 81, 62, 89], [0, 55, 40]]
60
1
398.93999999999994
[(2, 1)]
[[0], [0, 0, 76, 114, 173, 233, 294, 371], [0, 0, 108, 164, 227, 280, 325, 389, 483, 548], [0, 0, 72, 113, 173, 214], [0, 0, 60, 146, 231, 295, 325, 364], [0, 20, 85], [0, 0, 67, 157, 234], [0, 0, 57], [0, 0, 52, 113, 179, 268, 327, 405, 454, 542, 605]]
[[0], [0, 76, 38, 59, 60, 61, 77, 51], [0, 88, 56, 63, 53, 45, 64, 74, 65, 51], [0, 72, 41, 60, 41, 31], [0, 60, 86, 65, 64, 30, 39, 87], [0, 65, 32], [0, 67, 90, 77, 40], [0, 57, 88], [0, 52, 41, 66, 69, 59, 78, 49, 88, 63, 55]]
60
1
340.71999999999997
[(8, 3)]
[[0], [0, 0, 77, 109, 183, 284, 336], [0, 0, 83, 123, 157], [0, 0, 80, 122], [0, 0, 80, 157, 194, 254, 325, 424, 511, 543, 621], [0, 0, 43, 115, 158], [0, 0, 43, 121, 151, 202, 305, 362, 464, 532, 603], [0, 0, 39, 76, 163, 246, 277, 343, 381, 416, 469], [0, 0, 89, 155, 205, 287, 370, 403, 490]]
[[0], [0, 77, 32, 74, 81, 52, 40], [0, 63, 40, 34, 56], [0, 60, 42, 72], [0, 60, 77, 37, 60, 51, 79, 87, 32, 78, 81], [0, 43, 72, 43, 88], [0, 43, 78, 30, 51, 83, 57, 82, 68, 71, 48], [0, 39, 37, 67, 63, 31, 66, 38, 35, 53, 50], [0, 89, 66, 30, 82, 63, 33, 87, 68]]
60
1
436.46000000000004
[(4, 6), (7, 4)]
[[0], [0, 20, 101, 147, 244, 310, 386, 469, 499, 531, 580], [0, 0, 57, 142, 196, 251, 343, 412, 472], [0, 0, 99, 181, 224, 282], [0, 0, 40, 130, 197, 283, 335, 405, 504], [0, 0, 80, 125], [0, 0, 78, 177, 239, 299, 396], [0, 0, 104, 144, 234, 292, 400, 449, 509], [0, 0, 77, 129, 219, 266]]
[[0], [0, 81, 46, 77, 66, 76, 83, 30, 32, 49, 83], [0, 37, 85, 54, 55, 72, 69, 40, 85], [0, 79, 82, 43, 58, 86], [0, 40, 90, 67, 86, 52, 70, 79, 85], [0, 80, 45, 34], [0, 58, 79, 62, 60, 77, 72], [0, 84, 40, 70, 38, 88, 49, 60, 62], [0, 77, 32, 90, 47, 55]]
60
1
486.40999999999997
[(6, 2)]
[[0], [0, 0, 75, 144, 194, 263, 315, 359, 393, 476, 506], [0, 0, 56, 141, 192, 252, 295, 377, 454, 508, 554], [0, 20, 84, 147], [0, 20, 73, 106, 136, 167, 222, 253, 310, 375, 448], [0, 0, 89], [0, 0, 71, 154, 211, 283, 356, 454, 514], [0, 0, 80], [0, 0, 72, 158, 267]]
[[0], [0, 55, 49, 30, 69, 52, 44, 34, 63, 30, 65], [0, 36, 65, 51, 60, 43, 62, 57, 54, 46, 75], [0, 64, 63, 82], [0, 53, 33, 30, 31, 55, 31, 57, 65, 73, 51], [0, 89, 75], [0, 71, 83, 57, 52, 73, 78, 40, 78], [0, 80, 55], [0, 72, 86, 89, 80]]
60
1
379.7800000000001
[(2, 2)]
[[0], [0, 0, 84, 115, 195, 255, 338, 385, 448], [0, 0, 53], [0, 20, 100, 160], [0, 0, 99, 185, 230], [0, 0, 57, 143], [0, 0, 90, 134, 206, 246, 298, 403, 453, 542, 611], [0, 0, 53, 156], [0, 0, 58, 142, 200, 304, 369, 421]]
[[0], [0, 84, 31, 80, 60, 83, 47, 43, 62], [0, 33, 59], [0, 80, 40, 55], [0, 79, 66, 45, 80], [0, 37, 86, 44], [0, 90, 44, 72, 40, 32, 85, 50, 89, 49, 37], [0, 53, 83, 82], [0, 58, 84, 58, 84, 65, 52, 35]]
60
1
311.8999999999999
[(3, 1), (6, 6), (7, 3)]
[[0], [0, 0, 77, 157, 201, 272, 341, 441, 481, 553], [0, 0, 41, 115, 177], [0, 0, 40, 121, 155, 237, 279, 355, 440, 487], [0, 0, 72, 106], [0, 20, 105, 204, 284, 370, 447, 546, 615, 668], [0, 0, 84, 139, 199, 254, 324, 390, 463, 542], [0, 0, 64, 116, 192, 226, 281, 349, 427, 517], [0, 0, 56, 95, 169, 214, 250, 330]]
[[0], [0, 77, 80, 44, 71, 69, 80, 40, 72, 81], [0, 41, 74, 62, 87], [0, 40, 81, 34, 82, 42, 76, 85, 47, 38], [0, 72, 34, 54], [0, 65, 79, 60, 86, 57, 79, 69, 53, 43], [0, 84, 35, 60, 35, 70, 66, 53, 79, 54], [0, 64, 32, 76, 34, 55, 48, 78, 90, 41], [0, 36, 39, 54, 45, 36, 80, 46]]
60
1
496.7899999999999
[(5, 1), (6, 3)]
[[0], [0, 0, 76, 106, 138, 217, 306, 409], [0, 20, 72, 143, 178, 272], [0, 20, 67, 146, 230, 298, 333, 402, 483, 572], [0, 0, 76, 165, 235, 317, 379, 431, 501, 552], [0, 0, 34, 141, 193, 263, 302, 376, 461, 527], [0, 20, 75], [0, 0, 78], [0, 0, 79, 110, 189, 224, 311, 409, 448, 484, 540]]
[[0], [0, 76, 30, 32, 79, 89, 83, 82], [0, 52, 51, 35, 74, 46], [0, 47, 59, 84, 68, 35, 49, 81, 89, 65], [0, 76, 89, 50, 82, 62, 32, 50, 51, 64], [0, 34, 87, 52, 70, 39, 74, 85, 66, 36], [0, 55, 72], [0, 58, 88], [0, 59, 31, 79, 35, 87, 78, 39, 36, 56, 49]]
60
1
471.2299999999999
[(3, 1), (7, 2)]
[[0], [0, 0, 37, 115], [0, 0, 75, 117], [0, 0, 80, 132, 209, 281, 357, 456, 535], [0, 0, 85], [0, 0, 81, 128, 195, 247, 300, 344], [0, 20, 76, 148, 193, 225, 267], [0, 0, 72, 124, 169, 204, 258, 336, 402], [0, 0, 37, 113, 203, 303]]
[[0], [0, 37, 78, 43], [0, 75, 42, 70], [0, 80, 52, 57, 72, 76, 79, 79, 84], [0, 85, 69], [0, 61, 47, 67, 52, 33, 44, 34], [0, 56, 72, 45, 32, 42, 46], [0, 72, 52, 45, 35, 54, 58, 46, 64], [0, 37, 76, 90, 80, 51]]
60
1
408.64
[]
[[0], [0, 0, 94, 184, 260], [0, 0, 83, 179, 255, 341, 399, 465, 546, 632], [0, 20, 125], [0, 20, 79, 140, 179, 223, 300], [0, 20, 62, 166, 253, 332, 402, 483], [0, 0, 105, 164, 205, 283, 372, 458, 493, 577, 641], [0, 0, 90, 146, 193, 272, 349, 407], [0, 20, 59, 94]]
[[0], [0, 74, 90, 76, 78], [0, 83, 76, 76, 66, 38, 46, 61, 66, 32], [0, 85, 62], [0, 59, 61, 39, 44, 77, 64], [0, 42, 84, 87, 79, 70, 61, 61], [0, 85, 59, 41, 58, 89, 86, 35, 84, 64, 38], [0, 90, 36, 47, 79, 57, 58, 86], [0, 39, 35, 78]]
60
1
445.06999999999994
[(1, 4), (2, 6), (5, 1), (6, 2)]
[[0], [0, 0, 94, 201, 287, 341, 416, 485, 570, 629, 671], [0, 20, 99, 144, 207], [0, 0, 67, 151, 203, 238, 316, 389, 428, 508, 572], [0, 0, 64, 125, 155, 210, 278, 346], [0, 0, 55, 129, 182, 245, 349, 390, 461, 541, 595], [0, 20, 53, 149, 189, 251, 300, 367, 440, 516, 567], [0, 0, 36], [0, 0, 93, 150, 201, 285, 374, 472]]
[[0], [0, 74, 87, 86, 54, 75, 49, 85, 59, 42, 81], [0, 79, 45, 63, 45], [0, 67, 64, 52, 35, 78, 73, 39, 80, 64, 55], [0, 64, 41, 30, 35, 68, 68, 51], [0, 55, 74, 53, 63, 84, 41, 51, 60, 54, 90], [0, 33, 76, 40, 62, 49, 47, 73, 56, 31, 42], [0, 36, 72], [0, 73, 57, 51, 64, 89, 78, 70]]
60
1
474.50000000000006
[(1, 2)]
[[0], [0, 20, 103], [0, 0, 62, 136, 223, 281, 312, 391, 440, 500], [0, 0, 68, 141, 178, 245, 298], [0, 20, 83, 143], [0, 20, 109, 165], [0, 0, 90, 159, 240, 350, 442, 542, 601], [0, 0, 96, 159, 247, 339], [0, 0, 70, 148]]
[[0], [0, 83, 83], [0, 62, 74, 87, 58, 31, 59, 49, 40, 45], [0, 68, 73, 37, 47, 53, 59], [0, 63, 40, 67], [0, 69, 56, 70], [0, 90, 69, 81, 90, 72, 80, 39, 80], [0, 76, 43, 88, 72, 85], [0, 50, 78, 70]]
60
1
380.73
[(6, 5), (7, 2)]
[[0], [0, 20, 70, 147], [0, 20, 84, 145, 203], [0, 0, 84, 170, 215, 256, 309, 382], [0, 0, 80], [0, 0, 88, 167], [0, 20, 121, 222, 294, 370, 411, 464, 561], [0, 20, 79, 136, 191, 275, 309, 346], [0, 0, 82, 155, 209, 290, 364, 408, 453, 500, 559]]
[[0], [0, 50, 57, 46], [0, 64, 41, 58, 65], [0, 84, 86, 45, 41, 53, 73, 37], [0, 80, 59], [0, 68, 59, 64], [0, 81, 81, 72, 76, 41, 53, 77, 47], [0, 59, 57, 55, 64, 34, 37, 90], [0, 82, 73, 54, 81, 74, 44, 45, 47, 39, 84]]
60
1
392.74000000000007
[(6, 1)]
[[0], [0, 0, 77, 127, 173, 254, 327, 361, 401, 474], [0, 0, 84, 155, 198, 244, 322, 395, 470], [0, 0, 61, 122, 163, 214, 290, 333], [0, 0, 57, 118, 152, 254, 325, 359, 451, 505, 566], [0, 0, 90, 156, 219, 258, 317, 352, 404, 469], [0, 0, 41, 96, 139, 178, 259, 333], [0, 0, 59, 129, 193, 232], [0, 0, 45, 75, 133, 171, 234, 334]]
[[0], [0, 57, 30, 46, 81, 73, 34, 40, 53, 83], [0, 84, 71, 43, 46, 58, 53, 55, 44], [0, 61, 41, 41, 51, 76, 43, 41], [0, 57, 61, 34, 82, 71, 34, 72, 54, 61, 67], [0, 70, 66, 63, 39, 59, 35, 52, 65, 82], [0, 41, 35, 43, 39, 81, 54, 43], [0, 59, 70, 64, 39, 73], [0, 45, 30, 58, 38, 63, 80, 39]]
60
1
461.05000000000007
[(1, 2), (4, 4), (6, 6), (8, 7)]
[[0], [0, 0, 76, 147, 213, 279, 349], [0, 0, 79, 110, 156, 196, 282], [0, 0, 101, 198, 240, 322, 376, 455, 499], [0, 0, 78, 182], [0, 0, 39, 118, 180], [0, 0, 69, 141], [0, 0, 74, 110], [0, 0, 68, 126, 193, 253, 339, 381]]
[[0], [0, 76, 71, 66, 46, 70, 46], [0, 79, 31, 46, 40, 86, 50], [0, 81, 77, 42, 62, 54, 79, 44, 55], [0, 78, 84, 74], [0, 39, 79, 62, 69], [0, 49, 72, 34], [0, 74, 36, 72], [0, 68, 38, 67, 60, 66, 42, 41]]
60
1
352.2700000000001
[(3, 2), (4, 3)]
[[0], [0, 0, 88, 163, 260, 335, 411, 453], [0, 20, 70], [0, 0, 71, 143, 227, 292, 335, 410, 509, 561, 612], [0, 0, 70, 121, 196, 230, 291], [0, 0, 58, 163, 196, 251, 322, 358, 444, 513], [0, 0, 77, 112, 158, 194], [0, 0, 49, 153, 213, 320, 405], [0, 20, 82]]
[[0], [0, 88, 55, 77, 75, 76, 42, 89], [0, 30, 71], [0, 51, 72, 64, 65, 43, 75, 79, 32, 51, 68], [0, 70, 51, 75, 34, 41, 70], [0, 58, 85, 33, 55, 71, 36, 86, 69, 61], [0, 77, 35, 46, 36, 50], [0, 49, 84, 60, 87, 85, 74], [0, 62, 59]]
60
1
384.8999999999999
[(3, 2)]
[[0], [0, 0, 87, 125, 183], [0, 0, 76, 157, 232], [0, 0, 77], [0, 20, 118, 180, 254, 336, 387], [0, 0, 83, 143], [0, 0, 59], [0, 0, 82, 165, 232, 290, 351, 433, 463], [0, 0, 46, 126, 163, 220, 304, 390, 457]]
[[0], [0, 87, 38, 58, 40], [0, 56, 61, 75, 65], [0, 57, 89], [0, 78, 62, 74, 82, 51, 32], [0, 63, 60, 43], [0, 59, 35], [0, 82, 63, 67, 58, 61, 62, 30, 46], [0, 46, 80, 37, 57, 84, 66, 67, 74]]
60
1
281.17
[(4, 1)]
[[0], [0, 0, 81, 137, 167, 197], [0, 0, 38, 117, 179, 233], [0, 20, 62], [0, 0, 82, 162, 197, 298, 333, 406], [0, 0, 82, 168, 227, 317, 397, 455, 549, 630], [0, 0, 92, 152, 259], [0, 0, 47], [0, 0, 84, 149, 228, 273, 349, 433, 503, 558]]
[[0], [0, 81, 36, 30, 30, 86], [0, 38, 59, 62, 54, 59], [0, 42, 83], [0, 82, 60, 35, 81, 35, 53, 33], [0, 82, 86, 59, 90, 60, 38, 74, 81, 44], [0, 72, 60, 87, 71], [0, 47, 41], [0, 84, 65, 79, 45, 76, 64, 70, 55, 88]]
60
1
316.65000000000003
[(3, 1), (4, 3), (6, 4)]
[[0], [0, 20, 88], [0, 0, 42, 98], [0, 0, 86, 158, 215, 302, 385], [0, 0, 42, 103, 176, 248, 301], [0, 20, 89, 148, 217, 272, 353, 394, 484], [0, 20, 103, 146, 226, 271, 350], [0, 0, 51, 123, 212, 277, 321, 384, 472, 576, 622], [0, 0, 34, 124, 159, 193, 243, 294]]
[[0], [0, 68, 49], [0, 42, 56, 34], [0, 86, 52, 57, 87, 83, 89], [0, 42, 61, 73, 52, 53, 66], [0, 69, 59, 69, 35, 81, 41, 70, 77], [0, 63, 43, 80, 45, 79, 86], [0, 51, 72, 89, 45, 44, 63, 88, 84, 46, 30], [0, 34, 70, 35, 34, 50, 51, 44]]
60
1
373.5600000000002
[(4, 6)]
[[0], [0, 20, 118, 185, 248, 333], [0, 0, 40, 75, 156, 238, 273], [0, 0, 101, 185, 259, 347, 423, 486, 565, 637, 671], [0, 0, 76, 156, 231], [0, 0, 56, 133, 173, 206, 267], [0, 0, 59, 91, 134, 180], [0, 0, 83, 141, 177, 214, 291, 375, 407, 468], [0, 0, 65, 140, 215, 268, 332, 367]]
[[0], [0, 78, 67, 63, 85, 72], [0, 40, 35, 61, 82, 35, 88], [0, 81, 84, 54, 88, 76, 43, 79, 52, 34, 78], [0, 76, 80, 75, 40], [0, 56, 77, 40, 33, 41, 68], [0, 59, 32, 43, 46, 90], [0, 83, 58, 36, 37, 57, 84, 32, 41, 80], [0, 65, 75, 75, 33, 64, 35, 57]]
60
1
434.99
[]
[[0], [0, 0, 42, 76, 113, 164, 205, 272, 361, 446, 534], [0, 0, 86, 147, 223, 304, 393, 459], [0, 0, 89, 126, 210, 319, 376, 441, 492, 579, 625], [0, 0, 101, 147, 242, 285, 365, 475], [0, 0, 35], [0, 0, 55, 114, 181], [0, 20, 88, 174], [0, 0, 73, 112]]
[[0], [0, 42, 34, 37, 31, 41, 67, 89, 65, 68, 53], [0, 66, 61, 76, 61, 69, 66, 71], [0, 89, 37, 64, 89, 57, 65, 51, 87, 46, 90], [0, 81, 46, 75, 43, 80, 90, 31], [0, 35, 69], [0, 35, 59, 47, 38], [0, 68, 66, 65], [0, 53, 39, 63]]
60
1
369.00000000000017
[(3, 4), (4, 2)]
[[0], [0, 20, 58, 126, 221, 297, 344, 406, 478, 511, 546], [0, 20, 99, 146, 212, 294, 327, 391], [0, 0, 90, 147, 183, 237, 338], [0, 0, 79], [0, 0, 58, 89, 153, 217, 290, 342, 422, 521], [0, 0, 76, 143], [0, 0, 43, 127, 207, 259, 323, 401], [0, 0, 100, 175, 259, 348, 389, 480]]
[[0], [0, 38, 48, 75, 76, 47, 62, 72, 33, 35, 66], [0, 59, 47, 46, 82, 33, 64, 50], [0, 90, 57, 36, 54, 81, 45], [0, 79, 64], [0, 58, 31, 64, 44, 73, 52, 80, 79, 59], [0, 76, 47, 89], [0, 43, 64, 80, 52, 64, 58, 71], [0, 80, 75, 64, 89, 41, 71, 67]]
60
1
469.71999999999997
[(8, 2)]
[[0], [0, 20, 52, 130, 185, 271], [0, 20, 84], [0, 20, 89, 121, 184, 267, 350], [0, 20, 109], [0, 0, 48, 79, 164, 252], [0, 20, 73, 124, 206, 256, 303], [0, 20, 72, 147, 215, 315, 401, 466, 526, 597], [0, 0, 44, 107, 177, 278, 358]]
[[0], [0, 32, 78, 35, 66, 53], [0, 64, 40], [0, 69, 32, 43, 63, 63, 58], [0, 89, 51], [0, 48, 31, 85, 88, 45], [0, 53, 51, 62, 50, 47, 59], [0, 52, 75, 68, 80, 66, 45, 40, 51, 54], [0, 44, 63, 70, 81, 80, 55]]
60
1
333.24000000000007
[(1, 4), (7, 8)]
[[0], [0, 0, 57, 142, 214, 257], [0, 20, 93, 170], [0, 0, 67, 127, 187, 273, 325, 362, 415, 450, 496], [0, 0, 82, 150, 236, 291, 328, 405, 460, 548, 608], [0, 0, 68, 135, 186, 283, 358, 420, 488, 550, 607], [0, 0, 36, 113, 169, 246, 344], [0, 20, 99, 173, 256, 305, 391, 425, 462, 503, 584], [0, 0, 67, 146, 180]]
[[0], [0, 57, 85, 72, 43, 62], [0, 73, 77, 34], [0, 67, 60, 60, 66, 32, 37, 53, 35, 46, 70], [0, 82, 48, 86, 55, 37, 77, 35, 88, 60, 60], [0, 68, 47, 51, 77, 75, 42, 48, 62, 57, 36], [0, 36, 77, 56, 77, 78, 56], [0, 79, 54, 83, 49, 86, 34, 37, 41, 81, 85], [0, 67, 79, 34, 82]]
60
1
454.74999999999994
[(3, 4), (5, 5), (7, 1)]
