[[0], [0, 0, 69, 149, 205, 300, 337], [0, 0, 86, 162, 247, 350, 393, 471], [0, 0, 62, 154, 212], [0, 0, 76, 139, 232, 304, 361, 413, 497, 565], [0, 0, 64, 138, 223, 311, 397, 466, 498], [0, 0, 90, 158, 251, 323, 387, 425, 500, 532, 598], [0, 0, 58, 139, 184, 240, 301, 392, 447], [0, 0, 54, 135, 193, 273, 382, 460, 517, 624]]
[[0], [0, 69, 80, 36, 75, 37, 89], [0, 86, 76, 65, 83, 43, 58, 57], [0, 42, 72, 58, 69], [0, 56, 63, 73, 52, 37, 52, 84, 68, 37], [0, 64, 74, 65, 88, 86, 69, 32, 39], [0, 70, 68, 73, 72, 44, 38, 75, 32, 66, 30], [0, 58, 81, 45, 56, 61, 71, 35, 32], [0, 54, 81, 58, 80, 89, 78, 57, 87, 66]]
60
3
461.33000000000004
[(1, 4), (2, 3), (4, 2), (6, 2)]
[[0], [0, 0, 35, 91, 128], [0, 0, 46, 132], [0, 0, 52, 111], [0, 0, 73], [0, 0, 57, 131, 190, 249, 303, 382, 471], [0, 20, 103, 156, 205, 237, 310], [0, 0, 61, 127, 187, 248, 334, 377, 445, 517, 606], [0, 0, 59, 114, 165, 229]]
[[0], [0, 35, 56, 37, 53], [0, 46, 66, 36], [0, 52, 39, 58], [0, 73, 32], [0, 57, 74, 39, 59, 54, 59, 89, 30], [0, 83, 53, 49, 32, 73, 61], [0, 41, 66, 60, 61, 86, 43, 68, 72, 89, 45], [0, 59, 35, 31, 64, 58]]
60
3
321.7100000000001
[]
[[0], [0, 20, 78, 150], [0, 0, 50, 85, 131, 220, 285], [0, 20, 53, 132], [0, 0, 81, 116], [0, 0, 54], [0, 0, 39, 104, 178, 234, 318], [0, 20, 70, 152], [0, 20, 75, 120, 175, 241, 302, 386]]
[[0], [0, 58, 52, 47], [0, 30, 35, 46, 89, 65, 68], [0, 33, 79, 74], [0, 81, 35, 80], [0, 54, 33], [0, 39, 45, 74, 56, 84, 87], [0, 50, 82, 60], [0, 55, 45, 35, 66, 61, 84, 41]]
60
3
277.84000000000003
[(2, 6)]
[[0], [0, 0, 81, 121, 179, 220, 267, 348, 437], [0, 0, 67, 146, 179, 257, 318, 405, 487, 540, 588], [0, 0, 63, 163, 198, 243], [0, 20, 74, 163], [0, 0, 89, 126, 203, 284, 368, 405, 455, 493], [0, 0, 53, 115, 181, 239], [0, 0, 87, 141, 176, 216, 275], [0, 0, 31, 122, 207]]
[[0], [0, 81, 40, 38, 41, 47, 61, 69, 47], [0, 67, 79, 33, 78, 61, 87, 82, 33, 48, 76], [0, 43, 80, 35, 45, 36], [0, 54, 69, 72], [0, 89, 37, 77, 81, 84, 37, 30, 38, 89], [0, 53, 42, 66, 58, 86], [0, 87, 34, 35, 40, 59, 56], [0, 31, 71, 65, 54]]
60
3
413.81
[]
[[0], [0, 0, 97, 176], [0, 0, 87, 166, 243, 323], [0, 0, 36, 126, 209], [0, 20, 106, 196, 273, 318, 383, 419, 502, 537], [0, 0, 48, 132, 197, 236, 275, 364, 415], [0, 0, 77, 165, 252, 342, 398, 442, 498, 571, 610], [0, 0, 67, 109, 145], [0, 20, 109, 211]]
[[0], [0, 77, 79, 66], [0, 87, 79, 77, 80, 85], [0, 36, 90, 83, 43], [0, 86, 70, 77, 45, 65, 36, 63, 35, 35], [0, 48, 64, 65, 39, 39, 89, 51, 41], [0, 77, 88, 67, 70, 56, 44, 56, 73, 39, 56], [0, 47, 42, 36, 85], [0, 69, 82, 75]]
60
3
390.6200000000001
[(2, 5), (3, 4), (7, 4)]
[[0], [0, 0, 40, 119, 182, 286, 338, 372, 467, 497], [0, 0, 39, 110, 142, 237, 314, 410, 496], [0, 0, 57, 136, 243, 275, 334, 409, 499, 535], [0, 0, 52, 113, 196], [0, 20, 91, 165, 216, 258], [0, 20, 129, 188, 257, 313, 395], [0, 0, 50, 117, 204, 282, 346, 437], [0, 0, 54, 127, 209, 292, 336, 394]]
[[0], [0, 40, 79, 63, 84, 52, 34, 75, 30, 79], [0, 39, 71, 32, 75, 77, 76, 86, 38], [0, 57, 79, 87, 32, 59, 75, 70, 36, 70], [0, 32, 41, 83, 75], [0, 71, 74, 51, 42, 43], [0, 89, 59, 49, 56, 82, 75], [0, 50, 47, 87, 78, 44, 71, 78], [0, 54, 73, 82, 83, 44, 58, 38]]
60
3
475.13999999999993
[(2, 5), (4, 2), (6, 1)]
[[0], [0, 0, 42, 111, 158, 225, 328, 402, 434, 494], [0, 0, 73, 115, 195], [0, 0, 74, 133, 228, 311, 398, 472, 557], [0, 0, 65, 130, 238, 325], [0, 0, 66, 111, 148, 199, 257], [0, 0, 108, 204, 243, 331, 369, 441], [0, 0, 72, 151, 226], [0, 0, 61]]
[[0], [0, 42, 49, 47, 67, 83, 74, 32, 40, 52], [0, 73, 42, 60, 43], [0, 54, 59, 75, 83, 87, 74, 85, 77], [0, 65, 65, 88, 87, 74], [0, 46, 45, 37, 51, 58, 36], [0, 88, 76, 39, 88, 38, 72, 52], [0, 72, 79, 55, 53], [0, 61, 44]]
60
3
357.4699999999999
[(2, 4), (6, 2)]
[[0], [0, 0, 42, 106, 203, 255, 287, 363, 437, 508], [0, 0, 41, 107], [0, 0, 82, 177, 261, 339, 404], [0, 0, 70, 127, 180, 223, 254, 289], [0, 0, 60], [0, 0, 59, 92], [0, 0, 46, 120, 167, 232, 294, 344, 405, 440], [0, 20, 87, 156, 240, 316, 361, 450]]
[[0], [0, 42, 44, 77, 52, 32, 76, 74, 71, 64], [0, 41, 66, 55], [0, 62, 75, 84, 78, 65, 50], [0, 70, 57, 53, 43, 31, 35, 46], [0, 60, 45], [0, 59, 33, 76], [0, 46, 54, 47, 45, 62, 30, 41, 35, 73], [0, 67, 49, 64, 76, 45, 89, 81]]
60
3
317.37000000000006
[(1, 3), (3, 2), (5, 2), (7, 5), (8, 3)]
[[0], [0, 0, 80, 174], [0, 20, 59, 137, 173], [0, 20, 77, 121, 197, 283, 364, 443, 497, 569], [0, 0, 74, 152, 204, 238, 278, 368, 433, 472, 579], [0, 20, 65, 135, 211, 292, 323, 402, 484, 515], [0, 0, 31, 65, 140, 184, 219, 306, 351, 424, 485], [0, 20, 93, 163, 232, 310], [0, 0, 35, 100, 150]]
[[0], [0, 80, 74, 34], [0, 39, 58, 36, 50], [0, 57, 44, 76, 66, 81, 79, 54, 72, 81], [0, 54, 78, 52, 34, 40, 90, 45, 39, 87, 41], [0, 45, 70, 76, 81, 31, 79, 82, 31, 76], [0, 31, 34, 75, 44, 35, 87, 45, 53, 41, 73], [0, 73, 70, 69, 78, 57], [0, 35, 65, 50, 70]]
60
3
469.8299999999999
[]
[[0], [0, 20, 94, 144], [0, 0, 33, 101, 146, 185], [0, 20, 96, 170, 220, 291, 360, 432, 508, 564, 595], [0, 0, 39, 87, 137, 170, 258, 345, 414], [0, 20, 109, 150, 182, 265, 300], [0, 20, 95, 183, 259], [0, 0, 79, 164, 233, 286, 364], [0, 0, 83, 152, 242]]
[[0], [0, 54, 50, 35], [0, 33, 68, 45, 39, 38], [0, 76, 74, 30, 71, 69, 72, 76, 56, 31, 78], [0, 39, 48, 30, 33, 88, 87, 69, 69], [0, 89, 41, 32, 83, 35, 34], [0, 75, 88, 76, 36], [0, 79, 85, 69, 53, 78, 88], [0, 63, 49, 90, 59]]
60
3
380.93
[(1, 3), (3, 1)]
[[0], [0, 20, 93, 155, 200], [0, 0, 30, 102, 180, 213, 274], [0, 0, 57, 141, 227, 288, 350, 413, 483, 516, 605], [0, 0, 73, 124, 202, 292, 334, 426, 495, 576], [0, 0, 90], [0, 20, 53, 105], [0, 0, 89, 120, 199, 286, 352, 397], [0, 0, 77]]
[[0], [0, 73, 62, 45, 49], [0, 30, 72, 58, 33, 41, 84], [0, 57, 84, 66, 61, 62, 63, 70, 33, 89, 59], [0, 73, 51, 58, 90, 42, 72, 69, 81, 73], [0, 90, 88], [0, 33, 32, 86], [0, 89, 31, 79, 87, 46, 45, 52], [0, 57, 61]]
60
3
396.07
[]
[[0], [0, 0, 52, 135, 223, 274, 352, 412, 471, 507, 564], [0, 0, 48, 130, 189, 286, 378, 451, 523, 593, 679], [0, 0, 61, 155, 197], [0, 0, 53, 124, 222, 295, 381], [0, 0, 83, 115, 210], [0, 0, 52, 97, 160, 221, 280, 369, 459, 569, 619], [0, 0, 80, 133], [0, 20, 105, 151, 209, 258]]
[[0], [0, 32, 83, 88, 51, 78, 60, 59, 36, 57, 89], [0, 48, 82, 59, 77, 72, 73, 72, 70, 66, 71], [0, 61, 74, 42, 82], [0, 53, 51, 78, 73, 66, 62], [0, 83, 32, 75, 57], [0, 52, 45, 43, 41, 59, 89, 90, 90, 50, 79], [0, 60, 53, 87], [0, 85, 46, 38, 49, 79]]
60
3
391.74999999999994
[(4, 6)]
[[0], [0, 20, 121, 171, 246, 323, 353, 408, 469], [0, 0, 50, 82, 113, 181, 261], [0, 0, 62, 123, 175, 231, 299], [0, 20, 100, 192, 237, 314, 357, 411, 473], [0, 20, 108, 194, 229, 276, 383, 458, 545, 654, 714], [0, 0, 60, 130, 211, 281, 321, 403], [0, 20, 73, 126, 162, 223, 318, 392, 449, 532], [0, 0, 52, 116, 183, 253, 306, 361]]
[[0], [0, 81, 50, 75, 77, 30, 55, 41, 85], [0, 50, 32, 31, 68, 80, 78], [0, 62, 61, 52, 56, 68, 82], [0, 80, 72, 45, 77, 43, 54, 62, 57], [0, 68, 86, 35, 47, 87, 75, 87, 89, 60, 84], [0, 40, 70, 81, 70, 40, 82, 82], [0, 33, 33, 36, 61, 75, 74, 37, 63, 54], [0, 52, 64, 47, 70, 53, 55, 58]]
60
3
484.2900000000001
[(4, 1), (5, 1), (7, 1)]
[[0], [0, 0, 69, 140, 217, 275, 325, 411, 486, 551], [0, 0, 48, 109, 217, 293, 327, 366, 416, 486], [0, 20, 103, 209, 311, 372, 450, 500, 564, 640], [0, 0, 42, 102, 203, 263, 313], [0, 20, 71, 127, 192, 249, 286, 317], [0, 0, 90, 158, 223, 283, 373], [0, 0, 67, 114, 165, 213, 287, 356, 389, 477, 549], [0, 0, 63, 152, 225, 265]]
[[0], [0, 49, 71, 57, 38, 50, 86, 75, 65, 63], [0, 48, 41, 88, 76, 34, 39, 50, 70, 80], [0, 83, 86, 82, 61, 78, 50, 64, 56, 37], [0, 42, 60, 81, 40, 50, 50], [0, 51, 56, 45, 57, 37, 31, 37], [0, 90, 68, 65, 40, 90, 57], [0, 67, 47, 51, 48, 74, 49, 33, 68, 72, 43], [0, 63, 89, 73, 40, 48]]
60
3
470.4899999999997
[(2, 3)]
[[0], [0, 0, 60, 136, 223, 299, 384, 446], [0, 0, 84, 172, 215, 324, 369, 454, 510, 585], [0, 0, 59, 91], [0, 20, 105, 182, 265, 317, 407, 488, 573, 647], [0, 0, 42, 110, 176], [0, 0, 75, 150, 221, 277, 358, 436, 516, 561], [0, 0, 56, 102, 155, 192, 267, 338, 401, 447], [0, 0, 83]]
[[0], [0, 60, 76, 87, 76, 85, 62, 90], [0, 64, 88, 43, 89, 45, 85, 36, 75, 34], [0, 59, 32, 60], [0, 85, 57, 83, 32, 70, 81, 65, 54, 39], [0, 42, 68, 66, 37], [0, 75, 55, 71, 56, 81, 58, 80, 45, 53], [0, 56, 46, 33, 37, 55, 71, 63, 46, 89], [0, 83, 54]]
60
3
393.2199999999999
[(2, 2), (3, 3), (4, 1), (5, 4), (7, 9)]
[[0], [0, 0, 52, 116, 181, 286, 363, 438, 509, 586, 674], [0, 0, 53, 86, 164, 197, 278, 359], [0, 0, 77, 121, 178, 256], [0, 20, 53, 148, 208], [0, 0, 58, 118, 161, 199, 301, 373, 424, 484], [0, 0, 78, 166], [0, 0, 70, 152, 250], [0, 20, 84, 114, 201, 240, 326, 363, 420, 486]]
[[0], [0, 32, 64, 65, 85, 57, 55, 71, 77, 88, 61], [0, 53, 33, 58, 33, 81, 61, 65], [0, 57, 44, 57, 78, 62], [0, 33, 75, 60, 50], [0, 58, 60, 43, 38, 82, 72, 51, 60, 58], [0, 58, 68, 70], [0, 70, 62, 78, 63], [0, 64, 30, 87, 39, 86, 37, 57, 66, 75]]
60
3
443.25000000000006
[]
[[0], [0, 20, 60, 136, 214, 281, 357], [0, 0, 67, 163, 196, 233], [0, 0, 36, 86, 149, 216], [0, 20, 56, 99, 149, 206, 237], [0, 0, 32, 92], [0, 0, 85, 133, 183, 235, 268, 347, 392], [0, 0, 84, 116, 182, 272, 352], [0, 0, 86, 120, 215, 289, 365, 435, 474]]
[[0], [0, 40, 56, 78, 67, 76, 58], [0, 67, 76, 33, 37, 33], [0, 36, 50, 43, 67, 83], [0, 36, 43, 50, 57, 31, 43], [0, 32, 60, 56], [0, 85, 48, 50, 32, 33, 79, 45, 54], [0, 84, 32, 66, 90, 60, 32], [0, 66, 34, 75, 74, 76, 50, 39, 75]]
60
3
380.29999999999995
[(1, 6), (5, 3)]
[[0], [0, 0, 48, 108, 143, 224, 286, 340], [0, 0, 65, 136, 218, 260], [0, 0, 51, 107, 181, 214, 289, 343, 449, 534, 565], [0, 0, 88, 122, 195, 285, 371, 424, 508], [0, 0, 40, 87, 179], [0, 0, 85, 172], [0, 0, 73, 144, 226, 265], [0, 0, 42, 106, 181, 251, 316]]
[[0], [0, 48, 60, 35, 81, 62, 54, 67], [0, 65, 71, 62, 42, 83], [0, 51, 56, 74, 33, 75, 34, 86, 85, 31, 37], [0, 88, 34, 73, 70, 66, 53, 84, 73], [0, 40, 47, 72, 69], [0, 85, 67, 90], [0, 73, 71, 82, 39, 59], [0, 42, 44, 75, 70, 65, 79]]
60
3
405.93999999999994
[(3, 6), (4, 5), (5, 4), (6, 3)]
[[0], [0, 0, 80, 142, 249, 328], [0, 20, 69, 138, 200, 253], [0, 0, 75, 134, 186, 242, 279, 322, 385, 427], [0, 0, 39, 107, 178, 228], [0, 0, 37, 74, 142, 231, 276, 333, 392], [0, 0, 74, 155, 189, 258, 339, 379, 468, 549], [0, 20, 83, 162, 230, 278], [0, 0, 83, 172, 275, 327, 401]]
[[0], [0, 80, 62, 87, 79, 79], [0, 49, 49, 62, 33, 54], [0, 75, 39, 32, 36, 37, 43, 63, 42, 54], [0, 39, 68, 71, 50, 30], [0, 37, 37, 68, 69, 45, 57, 59, 79], [0, 74, 81, 34, 69, 81, 40, 69, 61, 84], [0, 63, 79, 48, 48, 85], [0, 83, 89, 83, 32, 74, 76]]
60
3
425.47
[(1, 5), (3, 3), (6, 9), (8, 4)]
[[0], [0, 0, 73], [0, 20, 122, 173], [0, 0, 70, 121, 179, 226, 316, 368, 419], [0, 0, 70, 119, 150], [0, 0, 30, 71, 111, 161, 220, 256], [0, 0, 67, 135, 181, 236], [0, 20, 96, 186, 243, 316, 400, 435], [0, 0, 80, 138, 183, 267, 362, 419]]
[[0], [0, 73, 33], [0, 82, 51, 44], [0, 70, 51, 58, 47, 70, 52, 51, 87], [0, 70, 49, 31, 88], [0, 30, 41, 40, 50, 59, 36, 62], [0, 67, 68, 46, 55, 36], [0, 56, 90, 37, 53, 84, 35, 36], [0, 80, 58, 45, 64, 75, 57, 42]]
60
3
336.03
[(1, 2), (2, 3), (6, 5)]
[[0], [0, 0, 56, 149, 187], [0, 20, 91], [0, 20, 81, 125, 196, 294, 365], [0, 0, 70, 153, 243, 310, 374, 438, 498, 595], [0, 0, 41, 83, 164], [0, 0, 48, 124, 197, 242, 322], [0, 0, 74, 169, 237, 288], [0, 0, 82, 145, 214, 300, 352, 410, 472]]
[[0], [0, 56, 73, 38, 82], [0, 71, 78], [0, 61, 44, 71, 78, 71, 71], [0, 50, 83, 90, 67, 64, 64, 40, 77, 54], [0, 41, 42, 61, 45], [0, 48, 56, 73, 45, 80, 39], [0, 74, 75, 68, 51, 56], [0, 62, 43, 69, 86, 52, 58, 62, 59]]
60
3
408.35999999999996
[(8, 2)]
[[0], [0, 20, 126, 187, 221, 254, 334], [0, 20, 56, 128, 168, 206], [0, 0, 96, 151, 210, 252, 311, 401, 486, 549], [0, 0, 106, 189, 259, 311, 375], [0, 20, 103, 171, 223, 291, 367, 403, 493, 586], [0, 20, 68, 142], [0, 20, 90, 125, 181, 237, 320, 409, 460], [0, 20, 52, 123, 206, 277, 332, 400]]
[[0], [0, 86, 61, 34, 33, 80, 39], [0, 36, 72, 40, 38, 39], [0, 76, 55, 59, 42, 39, 70, 85, 43, 62], [0, 86, 83, 70, 52, 64, 51], [0, 83, 68, 52, 68, 76, 36, 90, 73, 55], [0, 48, 74, 53], [0, 50, 35, 56, 36, 83, 89, 31, 62], [0, 32, 71, 63, 71, 55, 68, 71]]
60
3
367.8599999999999
[(1, 1), (7, 1)]
[[0], [0, 20, 124, 157, 212, 282, 372, 439, 530, 573, 611], [0, 0, 76, 159, 190], [0, 0, 69, 100, 140, 228, 284, 360, 433], [0, 0, 89, 132, 195, 295], [0, 0, 78, 152, 201, 260, 305, 349, 380, 453, 513], [0, 0, 52, 122, 207, 255, 287], [0, 0, 37, 68, 136, 180], [0, 20, 88, 129, 205, 262, 334, 394, 470, 503, 563]]
[[0], [0, 84, 33, 55, 50, 90, 67, 71, 43, 38, 42], [0, 76, 63, 31, 59], [0, 69, 31, 40, 88, 56, 76, 73, 38], [0, 69, 43, 63, 80, 61], [0, 78, 74, 49, 59, 45, 44, 31, 73, 60, 73], [0, 52, 70, 85, 48, 32, 81], [0, 37, 31, 68, 44, 69], [0, 48, 41, 76, 57, 52, 60, 76, 33, 60, 41]]
60
3
444.82000000000005
[(1, 10), (4, 1), (8, 1)]
[[0], [0, 0, 47, 144, 188, 243], [0, 0, 81, 189, 283, 351, 418, 497, 574], [0, 0, 109, 177], [0, 0, 105], [0, 0, 66, 176], [0, 20, 100, 180, 276, 339, 402, 504, 563, 635, 688], [0, 0, 41, 145], [0, 0, 81, 136, 222, 294, 369, 444, 497, 532, 599]]
[[0], [0, 47, 77, 44, 55, 39], [0, 81, 88, 74, 68, 67, 79, 77, 88], [0, 89, 68, 40], [0, 85, 56], [0, 66, 90, 48], [0, 80, 80, 76, 63, 43, 82, 59, 72, 53, 85], [0, 41, 84, 45], [0, 81, 35, 86, 52, 75, 55, 33, 35, 47, 75]]
60
3
410.56999999999994
[(2, 3), (4, 2), (6, 1), (7, 3), (8, 3)]
[[0], [0, 20, 102, 134, 207, 254], [0, 0, 92, 164, 196, 287, 342, 422], [0, 0, 106, 154, 188, 293, 382, 433, 503], [0, 0, 73, 109, 201], [0, 0, 58, 128, 188, 225], [0, 0, 85, 147, 222, 308, 378], [0, 0, 36, 90, 121, 169], [0, 0, 93]]
[[0], [0, 82, 32, 73, 47, 34], [0, 72, 72, 32, 71, 55, 60, 36], [0, 86, 48, 34, 85, 89, 51, 70, 31], [0, 73, 36, 72, 72], [0, 58, 70, 60, 37, 87], [0, 85, 62, 75, 86, 70, 32], [0, 36, 34, 31, 48, 75], [0, 73, 77]]
60
3
349.5400000000001
[(2, 1)]
[[0], [0, 20, 72, 126], [0, 20, 98], [0, 0, 59, 161, 224, 266, 374, 435, 485, 592, 656], [0, 20, 106, 157, 230, 327, 376], [0, 20, 103, 172, 214, 290, 322, 393, 428, 507], [0, 0, 60, 114, 159, 230, 291, 357], [0, 0, 69, 103, 166, 238, 308, 394, 483], [0, 0, 57, 142, 212, 282, 363, 415, 469, 513]]
[[0], [0, 32, 54, 89], [0, 78, 55], [0, 59, 82, 63, 42, 88, 61, 50, 87, 64, 86], [0, 86, 51, 73, 77, 49, 64], [0, 63, 69, 42, 76, 32, 71, 35, 79, 39], [0, 60, 54, 45, 71, 61, 66, 56], [0, 69, 34, 63, 72, 70, 86, 69, 64], [0, 57, 85, 70, 70, 81, 52, 54, 44, 86]]
60
3
427.49
[(3, 3), (5, 1)]
[[0], [0, 0, 109, 174, 213, 268, 339, 390], [0, 0, 56, 120, 214, 249, 331, 376, 447, 526, 588], [0, 0, 74, 122, 161, 208], [0, 0, 73, 128], [0, 0, 30, 133], [0, 0, 38, 75], [0, 0, 54, 142, 173, 245, 321, 370, 406], [0, 0, 89, 148, 216, 256, 322, 384, 437, 499, 590]]
[[0], [0, 89, 65, 39, 55, 71, 51, 81], [0, 56, 64, 74, 35, 82, 45, 71, 79, 62, 62], [0, 74, 48, 39, 47, 34], [0, 73, 35, 73], [0, 30, 83, 34], [0, 38, 37, 36], [0, 54, 88, 31, 72, 76, 49, 36, 31], [0, 89, 39, 48, 40, 66, 62, 53, 42, 71, 71]]
60
3
404.62
[(8, 3)]
[[0], [0, 0, 87, 189], [0, 20, 114, 195], [0, 20, 62, 137, 179, 216, 267], [0, 0, 74, 133], [0, 0, 63], [0, 0, 82, 160], [0, 20, 101], [0, 0, 66, 116, 146, 236]]
[[0], [0, 67, 82, 65], [0, 74, 81, 66], [0, 42, 75, 42, 37, 51, 36], [0, 74, 59, 37], [0, 43, 65], [0, 82, 78, 85], [0, 81, 76], [0, 46, 50, 30, 70, 34]]
60
3
225.72
[]
[[0], [0, 0, 97, 205, 260, 325, 414, 454], [0, 0, 42, 99, 184], [0, 0, 36, 103, 135], [0, 0, 76, 147, 226], [0, 0, 40, 117, 169, 257, 296, 376, 417], [0, 0, 66], [0, 20, 75, 172, 254, 330, 384, 425], [0, 0, 74, 144]]
[[0], [0, 77, 88, 55, 65, 89, 40, 88], [0, 42, 37, 85, 43], [0, 36, 47, 32, 76], [0, 76, 51, 59, 87], [0, 40, 77, 52, 88, 39, 80, 41, 48], [0, 66, 90], [0, 55, 77, 82, 76, 54, 41, 33], [0, 74, 70, 57]]
60
3
343.90999999999985
[(1, 2), (3, 4), (7, 1)]
[[0], [0, 0, 56, 144, 199, 251, 329, 410], [0, 0, 63, 136, 190, 278, 363], [0, 20, 103, 209, 295, 326, 372, 448, 530, 603, 642], [0, 0, 86, 177, 258, 330, 375], [0, 20, 70, 144, 193, 267], [0, 0, 45, 120, 166, 205, 277], [0, 0, 36, 116, 220, 314, 396, 448], [0, 20, 97, 164]]
[[0], [0, 56, 88, 55, 52, 78, 81, 73], [0, 63, 73, 54, 88, 85, 74], [0, 83, 86, 86, 31, 46, 76, 82, 73, 39, 52], [0, 66, 71, 81, 72, 45, 85], [0, 30, 74, 49, 74, 74], [0, 45, 75, 46, 39, 72, 33], [0, 36, 60, 84, 74, 82, 32, 65], [0, 57, 47, 40]]
60
3
426.4100000000001
[(5, 1), (7, 3), (8, 1)]
