[[0], [0, 20, 91, 151, 240, 307, 392, 452, 508, 567], [0, 0, 76, 134, 219, 252, 288, 339, 400, 486, 569], [0, 20, 97, 138, 169, 225, 324, 381], [0, 20, 99, 171, 278, 312, 387, 474, 564, 620, 687, 731, 819, 898], [0, 0, 99, 145, 179, 287, 342, 416, 524, 609, 713, 783, 833, 920], [0, 0, 48, 95, 184, 240, 290, 384], [0, 0, 36], [0, 0, 44, 127, 217, 305, 369, 437, 517, 552, 629, 725, 758, 835]]
[[0], [0, 51, 60, 89, 67, 85, 60, 56, 59, 63], [0, 76, 38, 65, 33, 36, 51, 61, 86, 63, 61], [0, 77, 41, 31, 56, 79, 57, 53], [0, 79, 72, 87, 34, 75, 87, 90, 56, 67, 44, 68, 59, 59], [0, 79, 46, 34, 88, 55, 74, 88, 65, 84, 50, 30, 87, 75], [0, 48, 47, 69, 56, 30, 74, 30], [0, 36, 76], [0, 44, 63, 90, 88, 64, 68, 80, 35, 77, 76, 33, 77, 77]]
60
8
562.7900000000001
[(1, 1), (2, 3), (5, 2), (7, 1)]
[[0], [0, 0, 30, 104, 148, 222, 278, 309, 373, 423, 469, 531], [0, 20, 60, 122, 209, 280, 326, 357], [0, 0, 92, 170, 256, 308, 374, 432, 489, 576, 645], [0, 0, 64, 144, 192, 244, 275, 353, 435, 503], [0, 0, 64, 135, 177], [0, 0, 53, 110, 192, 269, 314, 374, 447, 550, 604, 703, 810], [0, 0, 36, 122, 190, 287, 375, 407], [0, 0, 49, 95, 179]]
[[0], [0, 30, 54, 44, 74, 36, 31, 64, 30, 46, 42, 36], [0, 40, 62, 87, 71, 46, 31, 47], [0, 72, 58, 86, 52, 66, 58, 57, 67, 49, 88], [0, 64, 80, 48, 52, 31, 58, 82, 68, 82], [0, 64, 51, 42, 76], [0, 53, 57, 62, 77, 45, 60, 73, 83, 34, 79, 87, 34], [0, 36, 86, 68, 77, 88, 32, 72], [0, 49, 46, 84, 54]]
60
8
526.76
[(1, 3), (3, 2), (6, 11)]
[[0], [0, 0, 89, 131, 178, 246, 321, 351, 437, 518, 583, 621], [0, 0, 38, 119, 192, 285, 376, 458, 532, 581, 669], [0, 0, 89, 137, 233, 339], [0, 0, 35, 71, 142, 252, 284, 354, 408, 505, 575, 606], [0, 0, 45, 96, 184, 220, 262, 312, 382, 484, 568], [0, 0, 76, 119, 197, 234], [0, 20, 97, 148, 188, 246, 340, 411, 468, 542, 623, 660, 713], [0, 0, 83, 136, 169, 233, 340, 380, 439, 506, 606, 699, 761]]
[[0], [0, 89, 42, 47, 68, 75, 30, 86, 81, 65, 38, 67], [0, 38, 81, 73, 73, 71, 62, 54, 49, 88, 69], [0, 89, 48, 76, 86, 45], [0, 35, 36, 51, 90, 32, 70, 54, 77, 50, 31, 56], [0, 45, 51, 88, 36, 42, 50, 50, 82, 84, 32], [0, 76, 43, 58, 37, 36], [0, 57, 51, 40, 38, 74, 71, 57, 54, 81, 37, 53, 68], [0, 63, 53, 33, 64, 87, 40, 59, 47, 80, 73, 42, 49]]
60
8
571.0500000000001
[(2, 5), (3, 4), (4, 4), (7, 1), (8, 10)]
[[0], [0, 0, 80, 170, 253, 321, 380], [0, 0, 76, 111, 194, 264, 341, 409, 509, 569, 657, 709, 750, 806, 860, 916], [0, 0, 110, 198], [0, 0, 54, 135, 175, 235, 313, 392, 439, 470, 561, 664, 728, 759], [0, 0, 62, 123, 192, 234, 265, 327, 411, 488, 525, 558, 588], [0, 20, 102, 195, 241, 322, 391, 451, 527, 583, 622, 663, 773], [0, 0, 79, 130, 204, 242, 310, 365, 444, 525, 587, 669, 752, 797, 852, 936], [0, 0, 77, 115, 175]]
[[0], [0, 60, 70, 83, 68, 59, 39], [0, 76, 35, 83, 70, 57, 48, 80, 60, 88, 52, 41, 56, 54, 36, 69], [0, 90, 88, 83], [0, 54, 81, 40, 40, 78, 79, 47, 31, 71, 83, 44, 31, 48], [0, 62, 61, 49, 42, 31, 62, 64, 77, 37, 33, 30, 80], [0, 82, 73, 46, 81, 69, 60, 56, 56, 39, 41, 90, 74], [0, 79, 31, 74, 38, 68, 55, 79, 81, 62, 62, 83, 45, 35, 84, 48], [0, 57, 38, 40, 77]]
60
8
649.7400000000001
[(1, 2), (2, 6), (4, 10), (6, 1)]
[[0], [0, 20, 113, 145, 213, 259, 353, 454, 518, 608, 661, 724, 813, 896], [0, 20, 109, 146, 256, 307, 362, 432, 512], [0, 0, 83, 125, 210, 262, 300, 401, 449, 518], [0, 0, 44, 117, 182, 248], [0, 0, 81, 132, 187, 227, 311, 404, 456, 545, 611, 657, 688, 732], [0, 0, 38, 72, 146, 202, 274, 322, 389, 470, 505, 562, 610, 698, 741, 814], [0, 0, 75, 107, 154, 252, 322, 380, 416, 458, 524], [0, 0, 59, 140, 183, 252, 300, 370, 411, 442, 508, 560]]
[[0], [0, 73, 32, 68, 46, 74, 81, 64, 90, 53, 63, 69, 63, 90], [0, 89, 37, 90, 51, 55, 70, 80, 48], [0, 83, 42, 85, 52, 38, 81, 48, 69, 84], [0, 44, 73, 65, 66, 59], [0, 81, 51, 55, 40, 84, 73, 52, 89, 66, 46, 31, 44, 53], [0, 38, 34, 74, 56, 72, 48, 67, 81, 35, 57, 48, 68, 43, 73, 72], [0, 75, 32, 47, 78, 70, 58, 36, 42, 66, 45], [0, 59, 61, 43, 69, 48, 70, 41, 31, 66, 52, 49]]
60
8
749.78
[(1, 1)]
[[0], [0, 0, 88, 137, 218, 268, 362, 436, 522, 595, 638, 688, 725, 800, 836], [0, 20, 72, 148, 204, 241, 309, 398, 486, 520, 596, 683, 734], [0, 20, 76, 119, 207, 252, 341, 418, 474], [0, 20, 78, 112, 160, 256], [0, 0, 85, 178, 262, 302, 366, 429, 499, 558, 641, 708], [0, 20, 82], [0, 0, 63, 130, 219, 268, 331, 411, 478, 531, 594, 657, 729, 816], [0, 0, 31, 122, 158, 245, 295, 340]]
[[0], [0, 88, 49, 61, 50, 74, 74, 86, 73, 43, 50, 37, 75, 36, 62], [0, 52, 76, 36, 37, 68, 89, 68, 34, 76, 87, 51, 50], [0, 56, 43, 68, 45, 89, 77, 56, 69], [0, 58, 34, 48, 76, 47], [0, 85, 73, 84, 40, 64, 43, 50, 59, 83, 47, 87], [0, 62, 43], [0, 63, 47, 89, 49, 63, 80, 47, 53, 63, 63, 72, 87, 73], [0, 31, 71, 36, 87, 30, 45, 43]]
60
8
613.4400000000002
[(1, 4), (3, 8), (5, 7), (6, 2), (7, 3)]
[[0], [0, 0, 69, 143, 182, 231, 265, 352], [0, 0, 70, 145, 193, 231, 338, 413, 497, 576, 612, 693, 756, 837], [0, 0, 51, 117, 225, 275, 342, 374, 406, 480, 534, 625, 656], [0, 0, 84, 150, 192, 276, 363, 419, 493, 576, 643, 673, 744, 827, 864], [0, 0, 82, 125, 188, 248], [0, 20, 52, 99, 142, 198, 261, 298, 385, 471], [0, 0, 41, 102, 188, 275, 353, 427], [0, 0, 73, 112, 196, 263]]
[[0], [0, 69, 74, 39, 49, 34, 87, 35], [0, 70, 75, 48, 38, 87, 75, 64, 59, 36, 81, 43, 81, 75], [0, 51, 66, 88, 50, 67, 32, 32, 74, 54, 71, 31, 60], [0, 84, 66, 42, 84, 87, 56, 74, 63, 47, 30, 71, 83, 37, 74], [0, 82, 43, 63, 60, 39], [0, 32, 47, 43, 56, 63, 37, 87, 86, 88], [0, 41, 41, 66, 67, 58, 54, 58], [0, 53, 39, 84, 67, 67]]
60
8
633.8899999999999
[(2, 6), (4, 9), (7, 3)]
[[0], [0, 20, 96], [0, 0, 49, 88, 175, 249, 330, 381, 439, 529, 603], [0, 0, 42, 116], [0, 0, 70], [0, 20, 94, 144], [0, 0, 62], [0, 0, 49, 124, 196, 278, 339, 401], [0, 0, 65, 134, 188, 257, 314, 360, 391]]
[[0], [0, 76, 57], [0, 49, 39, 87, 74, 61, 51, 58, 90, 74, 51], [0, 42, 54, 48], [0, 70, 60], [0, 74, 30, 30], [0, 62, 51], [0, 49, 75, 72, 82, 61, 62, 73], [0, 65, 69, 54, 69, 57, 46, 31, 86]]
60
8
365.97
[]
[[0], [0, 0, 49, 82, 129, 168, 245, 353, 423, 511, 557, 649, 727], [0, 0, 75, 162, 238, 322, 403, 438], [0, 0, 82, 117, 190, 279, 349, 400, 434, 502, 542, 574, 619, 700, 737], [0, 0, 79, 169, 254, 314], [0, 20, 90, 167, 242, 314, 400, 466, 552, 601, 671, 756, 822], [0, 0, 58, 88, 162, 251, 286, 344, 415], [0, 0, 77, 148, 218, 270, 365], [0, 20, 52]]
[[0], [0, 49, 33, 47, 39, 57, 88, 70, 88, 46, 72, 78, 80], [0, 75, 87, 76, 64, 81, 35, 52], [0, 82, 35, 53, 89, 50, 51, 34, 68, 40, 32, 45, 61, 37, 86], [0, 79, 90, 85, 60, 80], [0, 70, 57, 75, 52, 66, 66, 86, 49, 70, 65, 46, 45], [0, 58, 30, 74, 89, 35, 58, 71, 40], [0, 77, 71, 70, 52, 75, 35], [0, 32, 72]]
60
8
455.6899999999999
[(1, 6)]
[[0], [0, 20, 98, 205, 264], [0, 0, 90, 177, 251, 355, 401, 452, 531, 611, 695, 764, 827, 862, 938], [0, 0, 71, 103], [0, 20, 77, 140], [0, 20, 82, 115, 157, 207, 245, 314], [0, 20, 63, 93, 173, 261, 339, 413, 463, 496, 579, 635, 703], [0, 0, 44, 103, 158, 247, 301, 378, 449], [0, 0, 55, 125, 176, 242, 331, 415, 474, 528, 583, 656, 737, 771, 834, 911]]
[[0], [0, 78, 87, 59, 31], [0, 90, 87, 74, 84, 46, 51, 59, 80, 84, 49, 63, 35, 76, 85], [0, 71, 32, 63], [0, 57, 63, 80], [0, 42, 33, 42, 50, 38, 69, 89], [0, 43, 30, 80, 68, 78, 54, 50, 33, 83, 56, 68, 39], [0, 44, 59, 55, 69, 34, 57, 51, 79], [0, 55, 70, 51, 46, 69, 64, 59, 34, 55, 73, 61, 34, 43, 77, 82]]
60
8
504.4200000000002
[(1, 1), (2, 5), (5, 1), (6, 5), (8, 5)]
[[0], [0, 0, 52, 147], [0, 0, 70, 128, 163, 246, 349, 411, 488, 550], [0, 0, 81, 134, 243, 315, 382, 449, 557, 642, 748], [0, 0, 86, 123, 213, 315, 384, 447, 480, 566, 597, 648, 699, 780, 817, 852], [0, 0, 37, 106, 160], [0, 0, 30, 86, 138, 184, 257], [0, 0, 49, 116, 187, 255, 293, 362, 392, 429, 461, 539, 628, 672], [0, 0, 82, 112, 165, 220, 323, 405]]
[[0], [0, 52, 75, 41], [0, 70, 38, 35, 83, 83, 62, 77, 42, 86], [0, 81, 53, 89, 72, 67, 47, 88, 85, 86, 68], [0, 86, 37, 90, 82, 69, 63, 33, 86, 31, 51, 51, 81, 37, 35, 68], [0, 37, 69, 34, 72], [0, 30, 56, 52, 46, 73, 89], [0, 49, 47, 71, 48, 38, 69, 30, 37, 32, 78, 89, 44, 65], [0, 82, 30, 53, 35, 83, 82, 86]]
60
8
520.61
[(2, 3)]
[[0], [0, 20, 109, 160, 211, 291, 365, 433, 473, 559, 633], [0, 0, 86, 146, 225, 283, 367], [0, 0, 80, 139, 236], [0, 0, 31, 67], [0, 0, 80, 157, 220, 280, 330, 399, 451, 517, 556, 589, 670, 746, 849], [0, 20, 125, 169, 258, 354, 395, 492, 554, 606, 671, 737, 820], [0, 0, 71, 157, 209, 248, 307, 358, 436, 514, 575, 622, 704], [0, 0, 51, 113, 169]]
[[0], [0, 69, 51, 51, 80, 74, 68, 40, 86, 74, 46], [0, 86, 60, 79, 58, 84, 84], [0, 80, 59, 77, 79], [0, 31, 36, 89], [0, 80, 77, 43, 60, 50, 69, 52, 46, 39, 33, 61, 76, 83, 73], [0, 85, 44, 69, 76, 41, 77, 62, 32, 65, 46, 83, 49], [0, 71, 86, 32, 39, 59, 51, 78, 78, 61, 47, 82, 55], [0, 51, 62, 56, 53]]
60
8
553.2800000000002
[(1, 1), (6, 1)]
[[0], [0, 0, 85, 160, 228, 316, 382, 456, 565, 595, 654, 719, 751, 785, 848], [0, 0, 56, 103, 192, 276, 357, 430], [0, 0, 80, 135, 214, 297, 358, 453, 509, 554, 637], [0, 20, 67, 144, 179, 263, 351, 409, 489], [0, 0, 91, 151], [0, 20, 90, 175, 242, 300], [0, 0, 34], [0, 0, 106, 191, 223, 269, 330, 401, 490, 521, 567, 617, 648, 709]]
[[0], [0, 85, 75, 68, 88, 66, 74, 89, 30, 39, 45, 32, 34, 63, 57], [0, 56, 47, 89, 64, 81, 53, 42], [0, 80, 55, 79, 83, 61, 75, 56, 45, 83, 76], [0, 47, 57, 35, 84, 88, 58, 60, 63], [0, 71, 60, 37], [0, 70, 85, 47, 58, 49], [0, 34, 85], [0, 86, 85, 32, 46, 41, 71, 89, 31, 46, 50, 31, 61, 50]]
60
8
480.8599999999999
[(2, 7), (4, 1)]
[[0], [0, 20, 77, 119, 169], [0, 0, 50, 101, 191, 224, 256, 288, 336, 383, 448, 485, 549], [0, 0, 66, 135, 178, 266], [0, 0, 71, 151, 240, 314, 365, 441, 499], [0, 0, 67, 134, 222, 258, 318, 363, 436, 517], [0, 0, 70, 146, 217, 270, 353, 424, 498, 549, 614, 674, 747, 835], [0, 0, 89, 178, 255, 359, 445, 479, 588, 625, 672, 758, 814, 897, 966], [0, 0, 33, 100, 178, 223, 305, 336, 382, 452, 548, 624, 702, 789]]
[[0], [0, 57, 42, 50, 42], [0, 50, 51, 90, 33, 32, 32, 48, 47, 65, 37, 44, 45], [0, 66, 69, 43, 88, 75], [0, 71, 80, 69, 74, 51, 76, 58, 32], [0, 67, 67, 68, 36, 60, 45, 73, 81, 49], [0, 70, 76, 51, 33, 83, 71, 74, 51, 65, 60, 73, 88, 84], [0, 89, 89, 77, 84, 86, 34, 89, 37, 47, 66, 36, 83, 69, 86], [0, 33, 67, 78, 45, 82, 31, 46, 70, 76, 76, 78, 87, 65]]
60
8
693.5100000000002
[(6, 3)]
[[0], [0, 0, 80, 152, 218], [0, 0, 91, 161, 238, 319, 387, 464, 545], [0, 0, 60, 118, 193, 231, 316, 363], [0, 0, 68, 171, 253, 319, 391, 450, 487], [0, 0, 63], [0, 0, 86, 122, 189, 256, 359], [0, 0, 58, 135, 223, 313, 370, 425, 504, 566, 669, 728, 769], [0, 0, 87, 163, 244, 291, 333, 393, 444, 496, 577, 645, 688, 756, 802, 850]]
[[0], [0, 80, 72, 66, 84], [0, 71, 70, 77, 61, 48, 77, 81, 36], [0, 40, 38, 75, 38, 85, 47, 30], [0, 68, 83, 62, 46, 72, 59, 37, 47], [0, 63, 68], [0, 66, 36, 47, 67, 83, 31], [0, 58, 77, 68, 90, 57, 55, 79, 62, 83, 59, 41, 79], [0, 87, 76, 81, 47, 42, 60, 51, 52, 61, 68, 43, 68, 46, 48, 48]]
60
8
526.5000000000001
[(2, 5), (3, 2), (4, 2)]
[[0], [0, 0, 86, 124, 218, 313, 365], [0, 20, 70], [0, 0, 33, 76, 137, 202, 261, 306, 380, 464, 557, 606, 640, 697, 736], [0, 20, 93, 123, 198, 284, 340, 383, 451, 498, 581, 613, 672, 713, 768], [0, 0, 88, 143], [0, 20, 83], [0, 0, 32, 102, 150, 222, 293, 385, 450, 528, 588, 638, 698], [0, 0, 58, 115, 189, 250, 286]]
[[0], [0, 86, 38, 74, 75, 52, 78], [0, 50, 40], [0, 33, 43, 61, 65, 59, 45, 54, 84, 73, 49, 34, 37, 39, 46], [0, 73, 30, 55, 86, 56, 43, 48, 47, 63, 32, 59, 41, 35, 59], [0, 88, 55, 43], [0, 63, 50], [0, 32, 70, 48, 72, 71, 72, 65, 78, 40, 30, 60, 59], [0, 58, 57, 74, 41, 36, 68]]
60
8
453.89000000000004
[(2, 2), (3, 7), (4, 1), (5, 3), (7, 12)]
[[0], [0, 0, 39, 119, 196], [0, 20, 63, 145, 219, 305, 352], [0, 20, 120], [0, 0, 78, 154, 230, 303, 366, 445, 501, 552, 606, 656, 724, 768, 847], [0, 0, 78, 179, 219, 287, 319], [0, 0, 43, 150, 214, 276, 336, 420, 481, 552, 636, 692, 737, 808, 891, 955], [0, 0, 45, 103, 178, 214, 273, 347, 389, 445, 508, 542, 627, 661], [0, 0, 68, 150, 190, 268, 333, 414, 492, 529, 570, 610, 710, 797, 879]]
[[0], [0, 39, 80, 77, 47], [0, 43, 82, 74, 86, 47, 39], [0, 80, 58], [0, 78, 76, 76, 73, 63, 79, 56, 51, 54, 50, 68, 44, 79, 56], [0, 78, 81, 40, 48, 32, 90], [0, 43, 87, 64, 62, 60, 84, 61, 71, 84, 36, 45, 71, 63, 64, 60], [0, 45, 58, 55, 36, 59, 74, 42, 56, 43, 34, 85, 34, 43], [0, 48, 82, 40, 58, 65, 81, 58, 37, 41, 40, 80, 87, 82, 63]]
60
8
703.3099999999997
[(3, 1), (5, 3)]
[[0], [0, 0, 64, 155, 207, 239, 299, 353, 404, 493, 547, 623, 682], [0, 0, 34, 100, 190, 232, 300, 373, 450, 480, 513, 582, 646], [0, 0, 92, 166, 243, 339, 426, 480, 537, 597, 648, 734, 812], [0, 0, 71, 138, 203, 262, 358, 426, 475, 548, 640, 672], [0, 0, 78, 155, 259, 315, 394, 456, 537, 596, 638, 717, 779], [0, 0, 109, 157, 252, 306, 400, 499, 587, 679, 728, 762, 795], [0, 0, 65, 130, 201, 279, 362, 434], [0, 0, 90, 180, 255, 311, 357, 399, 450, 505, 559, 668, 726]]
[[0], [0, 64, 71, 52, 32, 60, 54, 51, 89, 34, 76, 39, 60], [0, 34, 46, 90, 42, 68, 73, 77, 30, 33, 69, 44, 45], [0, 72, 74, 77, 76, 87, 34, 57, 60, 31, 86, 78, 50], [0, 71, 67, 45, 59, 76, 68, 49, 53, 72, 32, 30], [0, 78, 57, 84, 36, 79, 62, 61, 59, 42, 79, 62, 37], [0, 89, 48, 75, 54, 74, 79, 88, 72, 49, 34, 33, 77], [0, 65, 45, 71, 58, 83, 72, 37], [0, 90, 90, 75, 56, 46, 42, 51, 55, 54, 89, 38, 75]]
60
8
600.2199999999996
[(3, 12), (5, 4), (6, 6)]
[[0], [0, 0, 69, 178, 244, 295, 355], [0, 0, 82, 122, 208, 248, 325, 364, 396, 428, 460, 512, 558, 620], [0, 0, 65, 140, 218, 290, 355, 403, 471, 546, 581, 681, 747, 779], [0, 20, 100, 137, 215, 275], [0, 0, 56, 138, 209, 254, 312], [0, 0, 51, 137], [0, 20, 68, 133, 200, 266], [0, 0, 90, 163, 220]]
[[0], [0, 69, 89, 66, 51, 40, 41], [0, 82, 40, 86, 40, 57, 39, 32, 32, 32, 32, 46, 42, 69], [0, 45, 75, 58, 52, 65, 48, 48, 75, 35, 80, 66, 32, 44], [0, 80, 37, 78, 40, 81], [0, 36, 82, 71, 45, 58, 44], [0, 51, 86, 54], [0, 48, 45, 47, 66, 55], [0, 90, 73, 57, 61]]
60
8
407.86
[(3, 4), (8, 4)]
[[0], [0, 20, 70, 158, 232, 302, 361, 393, 441, 481, 532, 583], [0, 20, 94, 175, 262, 335, 367, 407, 464], [0, 0, 67, 155, 208, 246, 335, 400, 463, 522, 585, 655, 733, 836, 909, 975], [0, 20, 82, 139, 186, 252, 304], [0, 0, 41, 99, 173, 232, 300, 344, 431], [0, 0, 77, 130, 162, 270], [0, 0, 92, 160, 198, 229, 270, 342, 415, 474, 581, 648, 680, 749, 800], [0, 0, 81, 165, 208, 295]]
[[0], [0, 30, 68, 74, 50, 59, 32, 48, 40, 51, 51, 44], [0, 74, 61, 87, 53, 32, 40, 57, 56], [0, 67, 68, 53, 38, 69, 45, 63, 59, 63, 70, 58, 83, 73, 46, 65], [0, 62, 57, 47, 66, 52, 78], [0, 41, 38, 74, 59, 48, 44, 87, 69], [0, 57, 33, 32, 88, 80], [0, 72, 48, 38, 31, 41, 72, 73, 59, 87, 67, 32, 69, 51, 44], [0, 61, 84, 43, 87, 32]]
60
8
514.2699999999999
[(1, 1), (2, 1), (3, 6), (6, 2), (7, 2), (8, 5)]
[[0], [0, 0, 58, 126, 172, 258, 297, 393, 423, 484, 547, 614, 679, 763, 811, 887], [0, 0, 55, 109, 170, 220, 295, 355, 399, 462, 546, 601, 649], [0, 20, 111, 197], [0, 0, 51, 85, 137, 179, 249, 330, 416], [0, 0, 61, 129, 197, 251, 359, 459], [0, 0, 88, 144, 210, 272, 318, 394, 484, 555, 633, 743], [0, 0, 71, 125, 206, 266, 318, 357, 442, 502, 541], [0, 0, 66, 140]]
[[0], [0, 58, 68, 46, 86, 39, 76, 30, 61, 63, 67, 65, 84, 48, 76, 58], [0, 35, 54, 61, 50, 75, 60, 44, 63, 84, 55, 48, 52], [0, 71, 86, 43], [0, 51, 34, 52, 42, 70, 81, 66, 86], [0, 41, 68, 48, 54, 88, 80, 67], [0, 88, 36, 46, 42, 46, 76, 90, 71, 78, 90, 39], [0, 51, 54, 61, 60, 32, 39, 85, 60, 39, 54], [0, 46, 74, 82]]
60
8
490.2600000000001
[(5, 2), (6, 3), (7, 2)]
[[0], [0, 0, 61, 141, 214, 262, 321, 387, 453, 505, 573, 632, 708, 803, 850], [0, 0, 60], [0, 0, 80, 142, 228, 301, 391], [0, 0, 34], [0, 20, 120, 202, 232, 311, 384, 447, 481], [0, 0, 63, 162, 228, 310, 381, 441, 504, 575, 642, 703, 763, 799], [0, 20, 104, 173, 251, 309, 394, 437], [0, 20, 84, 172, 258, 319, 359]]
[[0], [0, 41, 80, 53, 48, 59, 66, 66, 52, 68, 39, 56, 75, 47, 37], [0, 60, 78], [0, 60, 62, 86, 73, 90, 47], [0, 34, 57], [0, 80, 82, 30, 59, 73, 63, 34, 32], [0, 63, 79, 66, 82, 71, 60, 43, 51, 67, 61, 60, 36, 83], [0, 64, 69, 78, 38, 85, 43, 72], [0, 44, 88, 66, 61, 40, 35]]
60
8
400.2400000000001
[(5, 1), (7, 1), (8, 6)]
[[0], [0, 0, 76, 132, 171, 260, 334, 417, 485, 544, 634, 712, 797, 872, 950, 1000], [0, 20, 73, 149, 235, 300, 354, 426, 497, 560, 629, 700, 736, 777, 849], [0, 0, 75, 111], [0, 0, 82], [0, 0, 70, 134, 207, 267], [0, 0, 66, 166, 250, 316, 353, 403, 458, 513], [0, 0, 76, 151, 240, 341, 451, 506], [0, 0, 87, 144, 232, 317, 372, 407, 495, 553, 583, 666, 712, 781]]
[[0], [0, 76, 56, 39, 89, 74, 83, 68, 59, 90, 58, 85, 55, 78, 50, 54], [0, 53, 56, 86, 65, 54, 72, 71, 43, 69, 71, 36, 41, 72, 36], [0, 75, 36, 45], [0, 82, 57], [0, 50, 64, 73, 60, 30], [0, 66, 80, 64, 46, 37, 50, 35, 55, 88], [0, 76, 75, 89, 81, 90, 35, 74], [0, 87, 57, 88, 85, 35, 35, 68, 38, 30, 83, 46, 69, 56]]
60
8
550.2100000000002
[(2, 1), (6, 3), (7, 6)]
[[0], [0, 0, 56, 118, 198, 271, 350, 427, 476, 585, 652, 737, 768], [0, 0, 65, 132, 193, 231, 283, 354, 419, 480], [0, 0, 87, 145, 202, 292, 350, 437, 470, 528], [0, 0, 96, 153, 217, 307, 374], [0, 20, 87, 171, 260, 314, 413, 496, 562], [0, 0, 34, 132, 201, 239, 342, 430], [0, 0, 75], [0, 20, 88, 131, 211, 286, 369, 408, 461, 501, 581]]
[[0], [0, 56, 42, 80, 73, 59, 77, 49, 89, 67, 85, 31, 77], [0, 65, 67, 61, 38, 32, 71, 45, 41, 35], [0, 87, 58, 57, 90, 38, 87, 33, 58, 57], [0, 76, 37, 64, 90, 67, 47], [0, 67, 64, 69, 34, 79, 83, 66, 48], [0, 34, 78, 69, 38, 83, 88, 49], [0, 75, 38], [0, 68, 43, 80, 75, 83, 39, 53, 40, 80, 37]]
60
8
592.52
[(1, 3), (5, 3)]
[[0], [0, 0, 82, 133, 212, 270], [0, 0, 87, 165, 222, 318, 388, 450, 501, 562, 595, 685, 733, 806, 886, 922], [0, 0, 54, 96, 131, 216, 266, 304, 335, 436, 497, 542, 576, 657], [0, 20, 76, 109, 159, 195, 256, 305], [0, 20, 88, 184, 270], [0, 20, 86, 124, 160, 234], [0, 20, 125, 203, 255, 328, 391, 468, 536, 595, 648], [0, 0, 32, 88, 156]]
[[0], [0, 62, 31, 79, 58, 65], [0, 87, 78, 37, 76, 70, 62, 51, 61, 33, 70, 48, 73, 60, 36, 45], [0, 34, 42, 35, 65, 50, 38, 31, 81, 61, 45, 34, 81, 70], [0, 56, 33, 50, 36, 61, 49, 48], [0, 68, 76, 66, 68], [0, 66, 38, 36, 74, 68], [0, 85, 78, 52, 73, 43, 77, 68, 59, 53, 45], [0, 32, 56, 68, 53]]
60
8
437.1399999999999
[(1, 2), (2, 4), (5, 4), (7, 1)]
[[0], [0, 0, 69, 158, 211, 290, 366, 444, 498], [0, 0, 69, 116], [0, 0, 32, 131, 201, 278, 346, 428, 510], [0, 20, 108, 167, 257, 342, 419, 502], [0, 0, 54, 107, 189, 285, 381, 432, 517, 603, 654, 736, 774], [0, 0, 85, 155, 218], [0, 0, 52, 125, 175, 224, 315, 363, 419, 475, 547], [0, 0, 91, 184, 222, 301, 359, 434, 515]]
[[0], [0, 49, 89, 33, 59, 76, 58, 54, 48], [0, 69, 47, 89], [0, 32, 79, 70, 77, 68, 82, 62, 90], [0, 68, 39, 70, 85, 57, 83, 32], [0, 54, 33, 82, 76, 76, 31, 85, 86, 51, 82, 38, 66], [0, 85, 70, 43, 84], [0, 52, 73, 30, 49, 71, 48, 56, 56, 52, 30], [0, 71, 73, 38, 79, 38, 55, 81, 84]]
60
8
452.8900000000001
[(4, 1), (5, 5), (8, 2)]
[[0], [0, 0, 79, 167, 250], [0, 0, 85, 180, 257, 328, 393, 462, 504, 570, 625], [0, 0, 85, 166], [0, 0, 85, 172, 224], [0, 0, 79, 124, 217, 320, 388], [0, 0, 70, 157, 230, 309, 385, 440, 485, 563, 648, 718, 809, 845], [0, 0, 70, 133, 183, 238, 322, 389, 441, 473, 555, 610], [0, 0, 55, 92, 155, 244]]
[[0], [0, 79, 88, 83, 42], [0, 85, 75, 57, 71, 65, 69, 42, 66, 35, 44], [0, 85, 61, 61], [0, 85, 87, 52, 77], [0, 79, 45, 73, 83, 68, 88], [0, 50, 67, 53, 79, 76, 55, 45, 78, 85, 70, 71, 36, 74], [0, 70, 63, 50, 55, 84, 47, 52, 32, 82, 55, 57], [0, 35, 37, 43, 89, 63]]
60
8
473.54999999999995
[(2, 3), (6, 3), (8, 2)]
[[0], [0, 0, 80, 172, 215, 271, 307, 344, 432, 506], [0, 20, 73, 161, 214, 266], [0, 0, 80, 182, 254, 319, 375, 425, 478, 565, 643, 749], [0, 0, 85, 128, 234, 298, 339, 429, 480, 537, 569], [0, 0, 86, 175, 261, 298], [0, 0, 88], [0, 0, 59, 100, 165, 197, 283, 347, 412], [0, 0, 74, 112, 164, 245, 327, 410, 516, 562]]
[[0], [0, 80, 72, 43, 56, 36, 37, 88, 74, 86], [0, 53, 68, 53, 32, 37], [0, 60, 82, 72, 65, 56, 30, 33, 87, 58, 86, 83], [0, 65, 43, 86, 44, 41, 70, 51, 57, 32, 53], [0, 86, 89, 66, 37, 68], [0, 88, 74], [0, 39, 41, 45, 32, 86, 64, 65, 34], [0, 74, 38, 32, 81, 82, 83, 86, 46, 85]]
60
8
440.80000000000007
[(3, 2), (4, 4), (6, 2)]
[[0], [0, 0, 75, 137, 224, 261, 334, 416, 458, 488, 568, 621], [0, 0, 65, 115, 175, 279, 347, 412, 461, 533, 574, 617, 696], [0, 0, 66, 132, 218, 286, 330, 400, 470, 548, 591, 647, 696, 765, 846], [0, 0, 93, 162], [0, 20, 108, 145, 231, 301, 340, 418, 504, 553, 583, 660, 731, 763, 823], [0, 0, 87, 193, 242, 294, 335, 414, 452, 527, 610], [0, 0, 41], [0, 20, 99, 149, 202, 284, 392, 439]]
[[0], [0, 75, 62, 67, 37, 73, 62, 42, 30, 80, 53, 82], [0, 65, 30, 60, 84, 68, 65, 49, 72, 41, 43, 79, 33], [0, 66, 66, 86, 48, 44, 70, 70, 78, 43, 56, 49, 69, 81, 70], [0, 73, 49, 31], [0, 68, 37, 66, 50, 39, 78, 86, 49, 30, 77, 71, 32, 60, 39], [0, 67, 86, 49, 32, 41, 79, 38, 75, 83, 75], [0, 41, 73], [0, 79, 50, 53, 82, 88, 47, 89]]
60
8
546.7099999999999
[(1, 4), (2, 3), (5, 1)]
[[0], [0, 20, 107, 168, 212, 280, 335, 417, 497, 567, 609, 640, 728], [0, 20, 83, 155, 202, 251, 293, 330, 425, 485], [0, 0, 80, 143, 180, 241], [0, 20, 73, 176, 274, 338], [0, 20, 110, 157, 201, 274, 340, 415, 520], [0, 20, 66, 139, 208, 297, 383, 439, 473, 513, 549], [0, 20, 101, 131, 181, 246, 333, 372, 423, 472, 539, 611, 647, 712], [0, 0, 44, 78, 120, 199, 270, 303, 364, 452, 522, 607, 677]]
[[0], [0, 67, 61, 44, 48, 55, 82, 80, 50, 42, 31, 88, 68], [0, 63, 52, 47, 49, 42, 37, 75, 60, 49], [0, 80, 63, 37, 61, 74], [0, 53, 83, 78, 64, 88], [0, 90, 47, 44, 53, 66, 75, 85, 90], [0, 46, 73, 69, 89, 86, 56, 34, 40, 36, 50], [0, 81, 30, 50, 65, 87, 39, 51, 49, 67, 72, 36, 65, 61], [0, 44, 34, 42, 79, 71, 33, 61, 88, 50, 85, 70, 69]]
60
8
644.83
[(1, 1), (2, 1), (4, 3)]
