[[0], [0, 0, 73, 137, 182, 240], [0, 20, 60, 125, 233], [0, 0, 75, 107, 172, 256], [0, 20, 68, 151, 213], [0, 20, 109, 195, 268, 354], [0, 0, 42, 75, 137, 224, 294, 352, 438], [0, 20, 104, 134], [0, 0, 54, 109, 195, 303, 402, 465, 500]]
[[0], [0, 73, 64, 45, 58, 82], [0, 40, 65, 88, 45], [0, 55, 32, 65, 84, 37], [0, 48, 83, 62, 86], [0, 89, 86, 73, 66, 45], [0, 42, 33, 42, 67, 70, 38, 86, 90], [0, 64, 30, 72], [0, 54, 55, 86, 88, 79, 63, 35, 59]]
60
8
361.5599999999999
[(6, 3), (8, 4)]
[[0], [0, 0, 73, 112, 184, 272, 353, 399], [0, 20, 82, 170, 233, 288, 362, 442, 499], [0, 0, 50], [0, 0, 49, 84, 152, 228, 305, 346, 383], [0, 0, 32, 101, 170, 249, 289, 366, 455, 565], [0, 0, 69, 118, 178, 279, 332, 376], [0, 0, 56, 127, 195], [0, 0, 33, 91, 130, 203, 233]]
[[0], [0, 73, 39, 72, 88, 81, 46, 49], [0, 42, 88, 63, 55, 74, 80, 37, 63], [0, 50, 69], [0, 49, 35, 68, 76, 77, 41, 37, 50], [0, 32, 69, 69, 79, 40, 77, 69, 90, 89], [0, 69, 49, 60, 81, 53, 44, 60], [0, 36, 71, 48, 62], [0, 33, 58, 39, 73, 30, 74]]
60
8
459.05999999999995
[(2, 1), (5, 8), (6, 7)]
[[0], [0, 0, 91, 121], [0, 0, 46, 119, 168], [0, 0, 89, 172, 243, 345, 441], [0, 20, 78, 146, 228, 318, 406, 443, 525, 605], [0, 0, 42, 112, 161], [0, 20, 109, 192], [0, 0, 52, 112, 195, 262, 365, 442, 527, 593, 677], [0, 0, 78, 135, 211, 280, 349, 403]]
[[0], [0, 71, 30, 36], [0, 46, 73, 49, 58], [0, 69, 83, 71, 82, 76, 86], [0, 58, 68, 62, 90, 68, 37, 82, 80, 31], [0, 42, 50, 49, 57], [0, 89, 83, 87], [0, 52, 40, 83, 67, 83, 77, 85, 66, 84, 55], [0, 78, 57, 76, 69, 49, 54, 62]]
60
8
449.41
[(1, 2), (7, 3)]
[[0], [0, 0, 70, 133, 177], [0, 0, 61, 143, 180, 225, 326, 400, 430, 514], [0, 20, 129, 199, 260, 322], [0, 0, 33, 102, 154, 192, 275, 361], [0, 20, 82, 115, 175, 284], [0, 0, 34, 75, 153, 187, 248, 315, 359], [0, 20, 100, 137, 212, 286, 366, 406, 488, 534], [0, 0, 40, 124, 182, 248, 314, 356, 410, 493, 574]]
[[0], [0, 70, 63, 44, 79], [0, 61, 62, 37, 45, 81, 54, 30, 84, 79], [0, 89, 50, 61, 62, 38], [0, 33, 69, 52, 38, 63, 86, 53], [0, 42, 33, 40, 89, 59], [0, 34, 41, 78, 34, 61, 67, 44, 78], [0, 80, 37, 75, 74, 80, 40, 62, 46, 31], [0, 40, 84, 38, 66, 66, 42, 54, 63, 81, 68]]
60
8
433.84000000000003
[(3, 2), (5, 3)]
[[0], [0, 20, 125, 168, 227, 307], [0, 20, 94, 179, 224, 271, 321, 373, 455, 491, 566], [0, 20, 65, 129, 211], [0, 0, 90, 159], [0, 0, 58, 106, 167, 244, 280, 357, 410, 485, 549], [0, 0, 80, 127, 194, 244, 278, 317, 356, 407], [0, 0, 76, 120, 173, 224, 314, 378, 460], [0, 20, 76, 162, 216, 295]]
[[0], [0, 85, 43, 59, 80, 38], [0, 74, 85, 45, 47, 30, 52, 82, 36, 55, 78], [0, 45, 64, 82, 80], [0, 90, 49, 79], [0, 38, 48, 61, 77, 36, 77, 53, 55, 64, 84], [0, 80, 47, 67, 50, 34, 39, 39, 31, 63], [0, 76, 44, 53, 51, 90, 44, 82, 39], [0, 56, 86, 54, 79, 43]]
60
8
460.7799999999998
[(1, 1), (4, 3)]
[[0], [0, 0, 42, 72, 165, 250, 307, 366, 440], [0, 0, 90, 124, 192, 266, 353, 418, 448, 527], [0, 0, 79, 160, 218], [0, 0, 67, 113, 167, 218, 305, 383, 418, 465, 501], [0, 20, 102], [0, 0, 56, 130, 235, 342, 425, 505, 535, 645], [0, 0, 82, 170, 276, 359], [0, 20, 51, 93, 126, 215, 317, 347]]
[[0], [0, 42, 30, 73, 85, 37, 59, 74, 86], [0, 90, 34, 68, 54, 67, 65, 30, 79, 71], [0, 79, 81, 58, 62], [0, 67, 46, 54, 51, 87, 58, 35, 47, 36, 72], [0, 82, 38], [0, 56, 54, 85, 87, 63, 80, 30, 90, 58], [0, 82, 88, 86, 63, 63], [0, 31, 42, 33, 89, 82, 30, 56]]
60
8
454.52
[(4, 9), (5, 2)]
[[0], [0, 0, 43, 87, 152, 196, 300, 375], [0, 0, 93, 134], [0, 0, 49, 109, 215, 301, 380, 469, 551], [0, 0, 70], [0, 0, 50, 118], [0, 0, 81, 180, 244, 277, 355, 412, 496], [0, 0, 81, 157, 222, 278, 317], [0, 0, 76, 120, 173, 262, 340, 435, 514, 546, 590]]
[[0], [0, 43, 44, 65, 44, 84, 55, 45], [0, 73, 41, 76], [0, 49, 40, 86, 86, 79, 89, 82, 40], [0, 50, 61], [0, 50, 68, 73], [0, 61, 79, 64, 33, 58, 57, 84, 56], [0, 81, 76, 65, 56, 39, 42], [0, 76, 44, 53, 89, 58, 75, 79, 32, 44, 46]]
60
8
338.34999999999985
[(3, 3), (6, 2)]
[[0], [0, 0, 53, 137, 179, 259, 289, 369, 459, 519], [0, 0, 56, 142, 191, 235, 297, 355], [0, 0, 77, 154, 210, 276], [0, 0, 66, 120, 188, 218, 295, 365, 426, 507], [0, 0, 40, 93, 139], [0, 0, 98, 139, 205, 258, 345], [0, 0, 39, 109, 155, 244], [0, 0, 78]]
[[0], [0, 53, 64, 42, 80, 30, 80, 70, 40, 40], [0, 56, 86, 49, 44, 62, 38, 30], [0, 77, 77, 56, 66, 37], [0, 66, 54, 68, 30, 77, 50, 61, 61, 78], [0, 40, 53, 46, 81], [0, 78, 41, 66, 53, 87, 87], [0, 39, 70, 46, 89, 60], [0, 58, 56]]
60
8
421.67999999999995
[(1, 9), (5, 4), (6, 5)]
[[0], [0, 20, 56, 132, 167, 232, 315, 375, 413, 475, 521], [0, 0, 76, 139, 180, 268, 349, 425, 503, 573, 655], [0, 0, 72], [0, 0, 32, 66, 111], [0, 0, 57, 120, 195, 263], [0, 0, 41, 93, 152, 212, 281, 328, 431], [0, 0, 63, 125], [0, 0, 36, 82, 162]]
[[0], [0, 36, 76, 35, 65, 83, 60, 38, 62, 46, 90], [0, 56, 63, 41, 88, 81, 76, 78, 50, 82, 32], [0, 72, 78], [0, 32, 34, 45, 51], [0, 57, 43, 75, 68, 75], [0, 41, 52, 59, 40, 69, 47, 83, 75], [0, 63, 62, 60], [0, 36, 46, 60, 35]]
60
8
463.69000000000005
[]
[[0], [0, 20, 105, 175, 242, 314], [0, 0, 48], [0, 20, 69, 129, 209, 270, 308, 362, 395, 466, 544], [0, 0, 48, 86, 169, 219, 263, 352, 438], [0, 20, 93, 149, 203], [0, 0, 86, 139, 192, 249, 283, 354], [0, 0, 54], [0, 20, 57, 90, 137, 216, 292, 354, 428, 475]]
[[0], [0, 65, 70, 67, 72, 79], [0, 48, 84], [0, 49, 60, 60, 41, 38, 34, 33, 51, 58, 89], [0, 48, 38, 83, 30, 44, 89, 86, 90], [0, 73, 36, 54, 85], [0, 86, 33, 53, 57, 34, 71, 35], [0, 34, 68], [0, 37, 33, 47, 79, 76, 62, 74, 47, 40]]
60
8
427.60999999999996
[(3, 4), (4, 8)]
[[0], [0, 0, 86, 175, 244, 279], [0, 0, 50, 112, 179, 215], [0, 0, 77, 155, 192, 261, 336, 395, 465, 534], [0, 0, 32, 120, 192, 235, 306, 346, 396, 486, 531], [0, 0, 91, 177, 262, 312, 357, 419, 454, 520], [0, 0, 45, 105], [0, 0, 75, 130, 201, 231, 307, 378], [0, 0, 36, 93, 149, 220, 250]]
[[0], [0, 86, 89, 69, 35, 53], [0, 50, 62, 67, 36, 33], [0, 57, 78, 37, 49, 75, 39, 70, 49, 43], [0, 32, 88, 72, 43, 71, 40, 50, 90, 45, 44], [0, 71, 66, 85, 30, 45, 62, 35, 66, 41], [0, 45, 60, 56], [0, 75, 55, 71, 30, 56, 51, 58], [0, 36, 57, 56, 51, 30, 73]]
60
8
471.7100000000001
[(5, 2), (6, 3)]
[[0], [0, 0, 65, 95, 136, 235, 307, 395, 441, 530, 584], [0, 0, 32, 77, 127, 203, 242], [0, 0, 50], [0, 0, 43, 98, 144, 221, 256], [0, 0, 59, 125], [0, 0, 41, 137, 199], [0, 20, 98, 166, 252, 306, 363, 433, 522, 596], [0, 20, 74, 133]]
[[0], [0, 45, 30, 41, 79, 52, 88, 46, 89, 54, 73], [0, 32, 45, 50, 56, 39, 66], [0, 30, 55], [0, 43, 55, 46, 57, 35, 33], [0, 59, 66, 38], [0, 41, 76, 62, 52], [0, 78, 68, 66, 54, 57, 70, 89, 74, 55], [0, 54, 59, 33]]
60
8
342.96999999999997
[(1, 5), (5, 3)]
[[0], [0, 0, 48, 151, 236, 276, 319, 358, 430, 470, 520], [0, 0, 84, 182, 256], [0, 0, 42, 87, 175, 245], [0, 0, 68, 139, 206, 263, 373, 421, 478, 547, 621], [0, 0, 83, 169, 250, 316], [0, 0, 88, 152], [0, 20, 96, 157, 247, 311, 394, 499, 547, 613], [0, 0, 37, 100, 180, 225, 291, 364, 458, 488, 566]]
[[0], [0, 48, 83, 85, 40, 43, 39, 72, 40, 50, 55], [0, 64, 78, 54, 88], [0, 42, 45, 88, 50, 69], [0, 48, 71, 67, 57, 90, 48, 57, 69, 74, 73], [0, 83, 86, 61, 66, 73], [0, 68, 64, 73], [0, 56, 41, 90, 44, 83, 85, 48, 66, 34], [0, 37, 43, 80, 45, 46, 53, 74, 30, 78, 59]]
60
8
462.4200000000001
[(6, 3), (7, 2), (8, 6)]
[[0], [0, 20, 106, 167, 201, 268, 344], [0, 0, 87, 165, 248, 345, 410, 442, 482], [0, 0, 48, 138, 203], [0, 0, 70, 104], [0, 0, 90, 136, 193, 289, 330], [0, 0, 46, 79], [0, 0, 58, 133, 218, 283], [0, 0, 50, 130, 166, 222, 265, 331, 377]]
[[0], [0, 86, 61, 34, 47, 76, 71], [0, 87, 78, 83, 77, 65, 32, 40, 59], [0, 48, 90, 65, 71], [0, 70, 34, 82], [0, 70, 46, 57, 76, 41, 73], [0, 46, 33, 52], [0, 58, 75, 85, 65, 90], [0, 50, 60, 36, 36, 43, 66, 46, 75]]
60
8
373.43
[(4, 3)]
[[0], [0, 0, 35, 81, 190, 235], [0, 0, 43, 133, 186, 270, 327, 429, 465, 521, 611], [0, 20, 61, 148, 182, 258, 368, 428, 474, 560, 652], [0, 0, 30, 93, 128, 211, 276, 363, 395, 458], [0, 0, 85, 174, 268, 336, 403], [0, 0, 82, 138, 196, 267, 348], [0, 0, 79], [0, 0, 50, 94]]
[[0], [0, 35, 46, 89, 45, 64], [0, 43, 90, 33, 84, 37, 82, 36, 56, 90, 74], [0, 41, 67, 34, 76, 90, 60, 46, 86, 72, 64], [0, 30, 63, 35, 63, 45, 67, 32, 43, 83], [0, 85, 89, 74, 68, 47, 54], [0, 62, 56, 58, 71, 81, 46], [0, 79, 59], [0, 50, 44, 61]]
60
8
423.2199999999999
[(2, 6), (3, 1), (4, 5), (8, 3)]
[[0], [0, 20, 59, 123, 209, 280, 369, 432, 496, 527, 570], [0, 0, 92, 183, 258, 310], [0, 0, 39, 69, 145, 225, 257, 313, 346], [0, 0, 86, 169, 200], [0, 0, 62], [0, 0, 38], [0, 20, 99, 160, 205, 290, 357, 394, 442, 523], [0, 0, 81, 158, 211, 248, 279, 309]]
[[0], [0, 39, 64, 86, 71, 89, 63, 64, 31, 43, 38], [0, 72, 71, 75, 52, 34], [0, 39, 30, 76, 60, 32, 56, 33, 54], [0, 86, 83, 31, 32], [0, 42, 41], [0, 38, 51], [0, 59, 61, 45, 85, 67, 37, 48, 81, 68], [0, 81, 57, 53, 37, 31, 30, 33]]
60
8
353.30999999999983
[(2, 2), (7, 1)]
[[0], [0, 0, 59, 113, 163], [0, 20, 73], [0, 20, 96, 172, 272, 373, 406, 500, 565], [0, 0, 70, 159, 232, 306], [0, 0, 40, 111, 182, 220, 266, 341], [0, 0, 90, 197, 267, 330, 384, 435, 501], [0, 0, 36, 93, 134, 215], [0, 0, 64, 102]]
[[0], [0, 59, 54, 50, 51], [0, 33, 67], [0, 56, 76, 80, 81, 33, 74, 65, 85], [0, 70, 89, 73, 74, 60], [0, 40, 51, 71, 38, 46, 75, 83], [0, 90, 87, 50, 63, 54, 51, 66, 81], [0, 36, 57, 41, 81, 49], [0, 64, 38, 67]]
60
8
367.40999999999997
[(2, 1), (3, 1), (4, 5), (6, 3), (7, 5)]
[[0], [0, 0, 110, 170, 264], [0, 0, 67, 157, 254, 343, 388, 451], [0, 0, 97, 172, 261, 348], [0, 0, 63], [0, 0, 58, 92, 150, 231, 275, 337, 368, 448, 515], [0, 0, 78, 140, 201], [0, 0, 66, 127, 195, 225, 287, 341, 403, 443, 524], [0, 0, 69, 145, 229, 272, 311, 353, 415]]
[[0], [0, 90, 60, 74, 51], [0, 47, 90, 77, 89, 45, 63, 43], [0, 77, 55, 89, 87, 49], [0, 43, 31], [0, 58, 34, 38, 61, 44, 62, 31, 60, 67, 62], [0, 78, 62, 41, 30], [0, 46, 61, 68, 30, 62, 34, 62, 40, 61, 35], [0, 69, 76, 84, 43, 39, 42, 62, 45]]
60
8
382.0700000000001
[(5, 4)]
[[0], [0, 0, 44], [0, 0, 51], [0, 20, 98], [0, 0, 74, 142], [0, 0, 87, 122, 183, 228, 295, 373, 435], [0, 0, 33, 71, 154, 205], [0, 0, 46, 154, 241, 320, 353, 419, 495], [0, 0, 86, 132]]
[[0], [0, 44, 64], [0, 51, 32], [0, 78, 66], [0, 54, 68, 69], [0, 87, 35, 61, 45, 67, 78, 62, 62], [0, 33, 38, 83, 51, 76], [0, 46, 88, 67, 79, 33, 66, 56, 73], [0, 86, 46, 74]]
60
8
248.98000000000002
[]
[[0], [0, 0, 85, 152], [0, 0, 108, 161, 216, 280, 328, 378, 467], [0, 20, 91, 124, 179, 222, 253], [0, 0, 36, 88, 138, 248, 326], [0, 20, 89, 136, 225, 289, 343, 393, 428], [0, 0, 42, 114, 176], [0, 20, 90, 141, 211, 309, 373, 442], [0, 0, 60, 130, 210, 297, 358, 403, 453, 540]]
[[0], [0, 85, 67, 53], [0, 88, 53, 35, 44, 48, 50, 89, 49], [0, 71, 33, 55, 43, 31, 75], [0, 36, 52, 50, 90, 58, 49], [0, 69, 47, 89, 64, 54, 50, 35, 80], [0, 42, 72, 42, 88], [0, 70, 31, 50, 78, 64, 69, 81], [0, 40, 70, 80, 87, 61, 45, 30, 87, 64]]
60
8
398.91
[(2, 2), (7, 3)]
[[0], [0, 0, 78, 130, 219, 251, 351], [0, 0, 99, 134, 214, 266], [0, 0, 58], [0, 0, 69, 139, 216, 270, 319, 366, 435, 481], [0, 0, 63, 110, 166, 244, 301, 391], [0, 20, 64, 129, 196, 244, 329, 388, 464, 503], [0, 0, 38, 85, 170, 238, 314, 372, 414], [0, 0, 78, 158, 222, 301]]
[[0], [0, 78, 32, 69, 32, 80, 49], [0, 79, 35, 80, 52, 30], [0, 58, 59], [0, 69, 70, 77, 54, 49, 47, 49, 46, 62], [0, 43, 47, 56, 78, 57, 90, 90], [0, 44, 45, 47, 48, 85, 59, 76, 39, 85], [0, 38, 47, 85, 68, 56, 58, 42, 90], [0, 78, 80, 64, 79, 76]]
60
8
437.2800000000001
[(1, 2), (6, 3), (7, 8)]
[[0], [0, 0, 54, 138, 241, 275, 338], [0, 0, 61, 154, 205, 282, 368], [0, 0, 83], [0, 0, 63, 120, 162, 246, 312, 357, 390], [0, 0, 49], [0, 0, 76, 176, 207, 258], [0, 0, 62, 111, 185, 243, 332, 398, 450, 500, 575], [0, 0, 73, 119, 186, 262, 325, 407, 478, 511]]
[[0], [0, 34, 84, 83, 34, 63, 79], [0, 61, 73, 51, 77, 86, 60], [0, 63, 47], [0, 43, 57, 42, 84, 46, 45, 33, 42], [0, 49, 41], [0, 76, 80, 31, 51, 74], [0, 62, 49, 74, 58, 89, 66, 32, 50, 55, 63], [0, 73, 46, 67, 76, 43, 62, 51, 33, 35]]
60
8
366.31
[(1, 2)]
[[0], [0, 0, 51, 90, 144, 180], [0, 0, 71, 145, 221, 284, 364], [0, 0, 88, 150], [0, 0, 92, 134, 181, 236], [0, 0, 77, 179], [0, 0, 68, 126, 199], [0, 0, 95, 159, 229], [0, 0, 42, 122, 174, 242, 280, 349]]
[[0], [0, 51, 39, 54, 36, 74], [0, 71, 74, 56, 63, 60, 79], [0, 68, 42, 57], [0, 72, 42, 47, 55, 54], [0, 77, 82, 45], [0, 48, 58, 73, 65], [0, 75, 44, 70, 83], [0, 42, 80, 32, 68, 38, 69, 47]]
60
8
285.36999999999995
[(2, 3), (7, 1)]
[[0], [0, 0, 74, 157, 235, 307, 345, 409], [0, 0, 71, 109, 195, 271, 305], [0, 0, 63, 129, 175, 266, 344, 433, 470], [0, 0, 42, 125, 181, 243, 304, 404, 474, 547], [0, 20, 59, 93, 188, 290, 323], [0, 0, 87, 175, 247, 298, 367, 433, 502], [0, 20, 79, 152, 234, 284], [0, 0, 41]]
[[0], [0, 54, 63, 58, 72, 38, 64, 30], [0, 71, 38, 86, 76, 34, 33], [0, 63, 46, 46, 71, 78, 69, 37, 50], [0, 42, 83, 56, 62, 41, 80, 70, 73, 59], [0, 39, 34, 75, 82, 33, 85], [0, 87, 88, 72, 51, 49, 46, 69, 46], [0, 39, 53, 82, 50, 72], [0, 41, 59]]
60
8
364.49
[(7, 1), (8, 2)]
[[0], [0, 0, 30, 88, 158], [0, 0, 52, 138], [0, 20, 66, 142, 185, 234, 311, 366], [0, 0, 42, 116], [0, 0, 50, 120, 187, 235], [0, 0, 51, 135, 196, 272, 356], [0, 0, 58, 118, 186, 274, 341, 381], [0, 0, 86, 134, 210, 295, 348, 384, 444]]
[[0], [0, 30, 58, 70, 81], [0, 32, 86, 82], [0, 46, 76, 43, 49, 57, 55, 77], [0, 42, 74, 32], [0, 50, 50, 67, 48, 34], [0, 51, 64, 41, 56, 84, 42], [0, 38, 60, 48, 88, 67, 40, 34], [0, 86, 48, 76, 85, 33, 36, 60, 80]]
60
8
396.67999999999984
[(2, 2), (6, 3), (7, 2)]
[[0], [0, 0, 56, 134, 192, 265, 319, 401, 449], [0, 20, 120, 208, 280, 321, 387, 472], [0, 0, 90, 140, 183, 267, 317, 371], [0, 0, 82, 142, 217, 306], [0, 0, 32, 106, 141], [0, 0, 48], [0, 0, 86, 130], [0, 0, 80, 123, 197, 241, 312]]
[[0], [0, 56, 78, 58, 53, 54, 82, 48, 84], [0, 80, 88, 52, 41, 66, 65, 86], [0, 90, 30, 43, 84, 50, 54, 77], [0, 82, 40, 75, 89, 54], [0, 32, 74, 35, 68], [0, 48, 90], [0, 86, 44, 32], [0, 80, 43, 74, 44, 71, 45]]
60
8
304.71999999999997
[(2, 1), (4, 5), (6, 2)]
[[0], [0, 0, 80, 153, 186, 251, 320], [0, 0, 57, 106, 188, 269], [0, 0, 39, 91, 140], [0, 0, 105, 151, 214, 293, 379], [0, 0, 78, 148, 195, 289, 319, 356, 407, 437, 524], [0, 0, 34, 85, 167, 199], [0, 0, 78, 126, 212, 298, 356, 444, 485, 582], [0, 0, 89, 166, 208, 315, 379]]
[[0], [0, 80, 53, 33, 65, 49, 32], [0, 57, 49, 82, 81, 58], [0, 39, 52, 49, 38], [0, 85, 46, 63, 79, 66, 37], [0, 58, 70, 47, 74, 30, 37, 51, 30, 87, 62], [0, 34, 51, 82, 32, 73], [0, 78, 48, 66, 86, 58, 68, 41, 77, 65], [0, 89, 77, 42, 87, 64, 35]]
60
8
467.0100000000003
[]
[[0], [0, 0, 37, 69, 111, 200, 271, 360], [0, 0, 61], [0, 20, 61, 165, 255, 319, 385, 460, 505, 579], [0, 20, 90, 174, 237, 325, 399, 478, 535, 581], [0, 20, 98, 188, 268], [0, 0, 51, 122, 169, 213, 266, 323, 391], [0, 0, 51, 145, 233, 279, 317, 402, 474, 568, 631], [0, 0, 58, 134, 188, 264, 335, 398, 479, 509]]
[[0], [0, 37, 32, 42, 89, 71, 89, 73], [0, 61, 67], [0, 41, 84, 90, 64, 66, 75, 45, 74, 70], [0, 70, 84, 63, 68, 54, 79, 57, 46, 39], [0, 78, 70, 80, 46], [0, 51, 51, 47, 44, 33, 57, 48, 46], [0, 51, 74, 68, 46, 38, 85, 72, 74, 43, 74], [0, 58, 76, 54, 76, 51, 43, 81, 30, 51]]
60
8
486.64999999999986
[(3, 1), (4, 5), (5, 1), (7, 3), (8, 6)]
[[0], [0, 20, 54, 93, 127, 214, 288, 340, 397, 468], [0, 20, 79, 160], [0, 0, 78, 160, 190, 259, 346, 420, 484], [0, 20, 59, 150, 223, 255, 340, 407], [0, 0, 94, 184, 266, 364], [0, 0, 80, 156, 200, 250, 294, 370, 418, 502, 601], [0, 0, 46, 118, 210, 262, 317, 370, 479, 553, 592], [0, 0, 52, 129, 233, 267, 335, 405, 464]]
[[0], [0, 34, 39, 34, 87, 74, 52, 37, 71, 81], [0, 59, 81, 39], [0, 78, 82, 30, 49, 87, 54, 64, 73], [0, 39, 71, 73, 32, 85, 67, 61], [0, 74, 90, 82, 78, 63], [0, 80, 76, 44, 30, 44, 76, 48, 64, 79, 65], [0, 46, 72, 72, 52, 55, 53, 89, 74, 39, 61], [0, 32, 77, 84, 34, 68, 70, 59, 89]]
60
8
572.8
[(3, 8), (4, 1)]
[[0], [0, 0, 74, 105, 145, 194, 250, 288], [0, 20, 106, 212, 290, 380, 447], [0, 20, 65, 146, 220, 281, 363, 412], [0, 0, 106, 165, 220, 302, 365, 429, 529, 629, 684], [0, 0, 38, 96, 169, 235, 320, 400, 437, 517], [0, 0, 74], [0, 0, 36], [0, 0, 59, 126, 199, 248, 356, 389, 442, 550, 620]]
[[0], [0, 54, 31, 40, 49, 56, 38, 41], [0, 86, 86, 78, 90, 47, 41], [0, 45, 81, 74, 41, 82, 49, 37], [0, 86, 59, 55, 82, 63, 44, 80, 80, 55, 46], [0, 38, 58, 53, 66, 85, 60, 37, 80, 49], [0, 74, 51], [0, 36, 89], [0, 59, 67, 73, 49, 88, 33, 53, 88, 70, 75]]
60
8
475.6
[(2, 1), (4, 7), (7, 2)]
